
Os_mode: no, train_mode: 

Test_acc:
0.3025 0.32 0.52 0.8675 0.9475 0.96 0.95 0.955 0.9525 0.95 0.9525 0.9525 0.9525 0.9525 0.9525 0.9525 0.9525 0.9525 0.9525 0.9525
0.31 0.5125 0.7975 0.9425 0.955 0.965 0.9625 0.9675 0.9675 0.9675 0.9675 0.965 0.965 0.9625 0.965 0.9675 0.965 0.965 0.965 0.965
0.31 0.26 0.465 0.8025 0.9375 0.955 0.965 0.9625 0.965 0.965 0.97 0.9725 0.9725 0.9725 0.9725 0.9725 0.975 0.9725 0.9725 0.9725
0.3375 0.415 0.68 0.9375 0.9525 0.96 0.965 0.9675 0.97 0.97 0.965 0.9675 0.9675 0.97 0.97 0.97 0.97 0.97 0.97 0.97
0.295 0.3075 0.7025 0.95 0.9575 0.9625 0.97 0.9725 0.97 0.9675 0.9675 0.9675 0.9675 0.965 0.965 0.965 0.965 0.965 0.965 0.965
0.25 0.4875 0.7225 0.91 0.9575 0.9725 0.98 0.98 0.9825 0.98 0.98 0.98 0.98 0.98 0.98 0.98 0.98 0.98 0.98 0.98
0.3875 0.66 0.7225 0.8675 0.925 0.945 0.945 0.95 0.95 0.9525 0.955 0.9575 0.9575 0.955 0.955 0.9575 0.955 0.955 0.955 0.955
0.2225 0.25 0.3975 0.775 0.94 0.95 0.95 0.95 0.95 0.9475 0.9475 0.9475 0.9475 0.9475 0.9475 0.9475 0.9475 0.95 0.9475 0.9475
0.3275 0.25 0.35 0.9 0.9675 0.97 0.97 0.97 0.97 0.97 0.9675 0.9675 0.9675 0.9675 0.9675 0.9675 0.97 0.97 0.97 0.97
0.2525 0.25 0.3425 0.8875 0.9575 0.9675 0.97 0.9725 0.9725 0.975 0.9725 0.975 0.97 0.9675 0.965 0.965 0.965 0.965 0.965 0.965

Test_auc:
0.6848500000000001 0.9704583333333333 0.9915166666666666 0.996225 0.9975333333333334 0.9978833333333333 0.9980833333333333 0.99805 0.998025 0.9979750000000001 0.9978083333333333 0.9977499999999999 0.997675 0.9976083333333333 0.9975083333333333 0.997325 0.9971416666666666 0.9969916666666667 0.9969333333333334 0.9968083333333334
0.7149208333333333 0.9749000000000001 0.9906333333333334 0.9948416666666666 0.9962916666666667 0.9973416666666668 0.9973833333333334 0.9975333333333333 0.9974583333333333 0.9974166666666667 0.9973583333333332 0.997325 0.9973416666666667 0.9973666666666667 0.9974166666666667 0.9973500000000001 0.9973083333333334 0.9973333333333334 0.9973333333333334 0.9973333333333334
0.3868625 0.93685 0.9857083333333333 0.9937333333333334 0.9962500000000001 0.9970833333333333 0.998 0.9982083333333334 0.9983916666666667 0.9985249999999999 0.9985916666666667 0.998625 0.9986833333333334 0.9986833333333333 0.998675 0.9986583333333333 0.9986583333333334 0.9986333333333333 0.99865 0.9986083333333333
0.5844499999999999 0.9504750000000001 0.9889916666666666 0.9952833333333333 0.997875 0.9989083333333334 0.9990833333333333 0.9991833333333333 0.9992500000000001 0.9992416666666667 0.9991916666666667 0.9991583333333333 0.99915 0.9991333333333333 0.9991249999999999 0.9991 0.9991 0.9990916666666666 0.9990833333333333 0.9990749999999999
0.6047416666666666 0.9403833333333333 0.9783999999999999 0.9905333333333333 0.9959083333333334 0.9980666666666668 0.9988750000000001 0.9992083333333333 0.9993583333333333 0.999425 0.99945 0.9994749999999999 0.9994916666666667 0.999475 0.99945 0.9994249999999999 0.9994083333333332 0.999425 0.9994333333333333 0.9994416666666667
0.6267750000000001 0.9660416666666667 0.99095 0.9954 0.9968583333333334 0.9978916666666667 0.9982250000000001 0.998525 0.9986166666666667 0.9987 0.9987916666666667 0.9988583333333332 0.9988499999999999 0.9987916666666665 0.99875 0.9987166666666667 0.9986666666666667 0.9986416666666668 0.998625 0.9986
0.6291416666666667 0.9474083333333334 0.9886 0.994075 0.9961416666666666 0.9968833333333333 0.9974083333333333 0.9975166666666667 0.9974083333333333 0.997325 0.9973083333333334 0.9972 0.9972416666666667 0.9972666666666666 0.9972333333333333 0.9972 0.9972 0.9972083333333334 0.9972 0.9971749999999999
0.4904625 0.9436583333333333 0.9818583333333334 0.9902666666666666 0.9942166666666666 0.9954916666666666 0.9958 0.9959333333333333 0.995975 0.9958250000000001 0.9957083333333333 0.995625 0.9955416666666667 0.995425 0.9954416666666667 0.9955166666666667 0.9955166666666667 0.99555 0.9955583333333333 0.9954750000000001
0.590225 0.9638833333333333 0.9918666666666667 0.9967583333333334 0.9979333333333333 0.9986583333333333 0.9989166666666667 0.9989500000000001 0.99905 0.9990666666666667 0.9990666666666667 0.999075 0.9991000000000001 0.9990833333333333 0.9991166666666668 0.9990916666666667 0.9990916666666667 0.9990916666666667 0.999075 0.999075
0.5907166666666666 0.9760416666666666 0.9952833333333333 0.99775 0.9985249999999999 0.9988666666666667 0.9991583333333333 0.9991749999999999 0.999125 0.9991500000000001 0.9991666666666666 0.9991583333333334 0.9991416666666666 0.9991333333333332 0.9991083333333334 0.9991 0.9990916666666667 0.9990833333333333 0.9990583333333334 0.99905

Test_f1:
0.2 0.2 0.2 0.20570824524312897 0.3063281546040167 0.533281947853669 0.6702597091597817 0.7429433000028651 0.7624448468542591 0.7780465670578647 0.7958485722071627 0.8110523406152169 0.8216620481591792 0.82962333878783 0.8319883013599592 0.8384388845395626 0.840911710136968 0.8437485684589047 0.844492985412763 0.8450930695219939
0.2 0.2 0.2024590163934426 0.3002649445776096 0.7158227233155665 0.7736277833531839 0.7964512111525813 0.8053860492222854 0.8151882782762113 0.8244760564230025 0.8305264046517306 0.8394315586678645 0.8439342384531154 0.8526220718306388 0.8548371566744513 0.8579459421868879 0.8602122807568493 0.864879178674204 0.8691770906752289 0.8699933372469932
0.2 0.2 0.2 0.2 0.23559802413150863 0.438836004337872 0.5006743211226535 0.5213084707944856 0.5553831174184729 0.6845261476846894 0.7669427165658648 0.7868053697064532 0.7899282228366696 0.7957492161648867 0.7999950097816296 0.8015280071709806 0.8034556918518798 0.8058495456934587 0.8104609191599403 0.821045362969273
0.2 0.2 0.2 0.20513359983168522 0.4059682267067411 0.5980611988993286 0.7091181448392075 0.7406085214948132 0.7717234883221183 0.7850857724198483 0.7951114783163384 0.8050233100544113 0.8181434003651069 0.82987796827932 0.8435674393984147 0.8521517920209352 0.8689004635480873 0.8830486900675703 0.8910560704407546 0.9054228930836172
0.2 0.2 0.2 0.20706638115631693 0.4784810246717304 0.6754376316054304 0.7422680412371134 0.7767038082967445 0.7927087497976137 0.8198164969051249 0.8317409466196898 0.8412017452842738 0.8547237006809746 0.8659271067745947 0.8735686370294976 0.8806678450619226 0.8906533626676034 0.8969473962219529 0.8982389881518951 0.9027472292165613
0.175 0.2 0.2 0.20893246187363834 0.3182442709163142 0.741819082389257 0.8182074683447649 0.8353625323218304 0.8393581591111272 0.8513529503954651 0.856902873835439 0.8639631373716506 0.8645139120959884 0.8658309868265931 0.8644277801400948 0.8664209488984841 0.8784556087187665 0.8875930356193513 0.9019518493202703 0.9147851373596458
0.2 0.2 0.2 0.20080645161290323 0.24101704288075868 0.6004078030115836 0.6789170072805399 0.6951993077100215 0.7099089450953767 0.7118226517793094 0.7173496410851654 0.7222231532336879 0.727823877173037 0.730261920399706 0.7327028185617834 0.7394809651462471 0.7438450256890832 0.7445082733581088 0.7511425263489848 0.7505403837376199
0.2 0.2 0.2 0.2 0.2125731495090304 0.4430409993722464 0.6076501600058668 0.6577385392998176 0.6757669575007036 0.6921938759617481 0.7029317621202402 0.7151532035089281 0.7393578850132416 0.7466020362081289 0.7613033075709406 0.7770582228528922 0.7878780383026103 0.7951155770479821 0.8075629427311302 0.817232798705986
0.2 0.2 0.2 0.2037344398340249 0.39359195711843287 0.48863840076787696 0.6773820958900064 0.6891188595248157 0.7063399544627093 0.7193935786760919 0.729513627775505 0.738045463947298 0.7477141036892787 0.757806884643871 0.7650522905148587 0.770702488013185 0.780722381269342 0.7858487246186208 0.7902265447602812 0.7938576861673747
0.2 0.2 0.2 0.2 0.2053396748296566 0.45096731987603644 0.6631597432365318 0.695779320404739 0.7033561068087922 0.7089471096750902 0.7190391907296877 0.720952746634589 0.7266424461513478 0.7260542641383461 0.7277091893743692 0.7331058270502328 0.7379266915979952 0.7465427541054883 0.7572874493927126 0.7661354641230802

Os_mode: up, train_mode: 

Test_acc:
0.2525 0.5 0.645 0.82 0.95 0.96 0.97 0.9725 0.98 0.9775 0.98 0.9825 0.9825 0.9825 0.9825 0.9825 0.9825 0.9825 0.9825 0.9825
0.2725 0.27 0.4475 0.815 0.945 0.9625 0.9625 0.9625 0.9625 0.95 0.95 0.9525 0.9525 0.9525 0.9525 0.9525 0.9525 0.9525 0.9525 0.9525
0.2675 0.4275 0.6175 0.855 0.9425 0.96 0.9575 0.9575 0.96 0.9575 0.9575 0.9575 0.9575 0.9575 0.9575 0.9575 0.9575 0.9575 0.9575 0.9575
0.2525 0.4625 0.4925 0.7775 0.965 0.9775 0.975 0.975 0.9775 0.9775 0.9775 0.9775 0.9775 0.9775 0.9775 0.975 0.975 0.975 0.975 0.9775
0.255 0.25 0.42 0.935 0.9475 0.96 0.9625 0.9625 0.9625 0.965 0.96 0.9625 0.9625 0.9675 0.965 0.9625 0.9625 0.9625 0.9625 0.965
0.25 0.495 0.63 0.8875 0.9475 0.965 0.9675 0.9675 0.97 0.97 0.97 0.97 0.9675 0.9625 0.96 0.9625 0.96 0.9625 0.9625 0.9625
0.255 0.2525 0.5425 0.835 0.9525 0.9775 0.975 0.98 0.98 0.98 0.98 0.98 0.98 0.98 0.98 0.98 0.98 0.98 0.9775 0.9775
0.235 0.25 0.25 0.6125 0.745 0.955 0.9625 0.9625 0.96 0.9625 0.965 0.9625 0.9625 0.9625 0.9675 0.9675 0.9675 0.9625 0.9625 0.965
0.255 0.25 0.4475 0.69 0.95 0.9575 0.9625 0.955 0.95 0.955 0.9525 0.9575 0.9575 0.955 0.9525 0.95 0.9525 0.9525 0.9525 0.9525
0.34 0.25 0.2625 0.7775 0.92 0.9425 0.95 0.9525 0.9475 0.95 0.9525 0.95 0.9475 0.95 0.95 0.9475 0.9475 0.9475 0.9475 0.95

Test_auc:
0.63665 0.9502750000000001 0.9907416666666666 0.9976333333333334 0.9989166666666667 0.9992083333333334 0.999225 0.9991083333333333 0.9990833333333333 0.9990499999999999 0.9990083333333333 0.9990249999999999 0.998925 0.99885 0.9988416666666666 0.9988416666666666 0.9988583333333333 0.9988583333333333 0.9988666666666667 0.9988583333333333
0.654625 0.969725 0.9888250000000001 0.9938333333333333 0.9960833333333333 0.9969250000000001 0.9977833333333332 0.9981416666666666 0.9978333333333333 0.9974083333333332 0.9973666666666665 0.99735 0.9973416666666666 0.997325 0.9972666666666666 0.997175 0.9971749999999999 0.9971083333333334 0.9969916666666667 0.996925
0.7041499999999999 0.9778666666666667 0.9918416666666666 0.9950000000000001 0.9962666666666666 0.9970583333333334 0.9972583333333334 0.997275 0.9973583333333333 0.9972166666666666 0.997225 0.9970916666666667 0.9970583333333334 0.9970249999999999 0.9970333333333332 0.9970083333333335 0.9969750000000001 0.9969916666666666 0.9969916666666667 0.9969500000000001
0.6773125 0.9776083333333333 0.9951916666666666 0.9986250000000001 0.999225 0.9991833333333332 0.9992333333333334 0.9992666666666666 0.9992833333333333 0.9993083333333334 0.9992833333333333 0.9992583333333334 0.9992583333333334 0.9992666666666667 0.9992583333333334 0.9992166666666666 0.9992166666666666 0.9992 0.9991583333333334 0.9991583333333333
0.6610583333333333 0.9714416666666666 0.9905666666666666 0.9959833333333334 0.9973000000000001 0.9978583333333334 0.9979250000000001 0.9979666666666667 0.998 0.9980916666666667 0.9980499999999999 0.9980166666666667 0.9981166666666668 0.9981916666666668 0.9981833333333333 0.9981583333333334 0.9981166666666668 0.9981 0.9981166666666667 0.9980916666666667
0.8471916666666667 0.9686666666666667 0.9864916666666665 0.9935666666666667 0.9963083333333334 0.9977333333333334 0.9984416666666667 0.9986416666666666 0.9988333333333335 0.9989250000000001 0.9989833333333333 0.99905 0.9990833333333333 0.9991 0.9991249999999999 0.999125 0.9991416666666667 0.9991333333333333 0.9991333333333333 0.9991333333333333
0.49230833333333335 0.9401083333333333 0.9918583333333333 0.997225 0.9987333333333334 0.9991833333333333 0.9991833333333334 0.9992166666666666 0.999225 0.99925 0.9992249999999999 0.9992166666666666 0.999225 0.9992333333333334 0.9992333333333333 0.999225 0.999225 0.9992166666666668 0.9992166666666666 0.9992166666666666
0.5045583333333333 0.9780916666666667 0.9950083333333333 0.9970083333333333 0.9975916666666667 0.9979666666666667 0.9982166666666666 0.9983416666666667 0.998425 0.9984000000000001 0.9984083333333333 0.998375 0.9984083333333333 0.9984000000000001 0.9983666666666667 0.998425 0.998475 0.9984833333333333 0.998475 0.9984916666666667
0.48085000000000006 0.951225 0.9883333333333333 0.9946833333333334 0.9967833333333331 0.997675 0.9979416666666667 0.998025 0.998075 0.9980916666666666 0.9980916666666666 0.9980833333333332 0.9980833333333333 0.9980666666666667 0.9981 0.998075 0.9980416666666666 0.998 0.9980083333333334 0.998
0.5639333333333334 0.96635 0.9908166666666667 0.9939416666666666 0.9964583333333332 0.9970416666666666 0.9974000000000001 0.997375 0.997275 0.9972583333333334 0.9972333333333333 0.9971416666666666 0.9970916666666666 0.9970583333333333 0.99705 0.9970333333333333 0.9969666666666667 0.996925 0.9969083333333333 0.9968833333333333

Test_f1:
0.1 0.1 0.3474747474747475 0.5574364092328163 0.5950817263645091 0.6010722543426267 0.6954467353951891 0.8162868039610738 0.8427517908529638 0.8551157836872122 0.8611924405842633 0.8628976281135967 0.8625558786296385 0.865376004821915 0.8664286068541387 0.8671397230220759 0.8687544141526 0.8708900374678625 0.8724162889941142 0.8743724705277605
0.1 0.1 0.36438124719393183 0.5884139273076938 0.6979142447492831 0.7107916215105409 0.7094578392666789 0.709321142726263 0.7123282868944213 0.8171897713534246 0.8936125214477814 0.901426242341671 0.90703791462001 0.9123112977405274 0.9193984699588122 0.9228184425990311 0.9278018313033501 0.9286506734046849 0.9313932119897028 0.9345105921557574
0.1 0.1 0.3461928934010152 0.5649010036762998 0.6094527259776897 0.6416398142918045 0.7697460053203672 0.8813935449111127 0.906364833299548 0.9159497284777487 0.9216041007821634 0.9213215439190976 0.9227437762549721 0.9271764003684473 0.9261250397367118 0.92751660766176 0.9326483181536409 0.9326483181536409 0.9353598731364589 0.9389251581889111
0.1 0.33298429319371725 0.34271844660194173 0.35816224198543106 0.6380191663651629 0.6797575874654982 0.6876847290640394 0.8587373606429868 0.9106342700987184 0.9272245793236171 0.9375145040145554 0.9421719978583287 0.9458543138261138 0.9468036208319995 0.9510512566850984 0.9529256167264517 0.9504379367790887 0.9517592345289578 0.9582096696168393 0.9592666179954804
0.1 0.3474747474747475 0.34448005271354976 0.5415882835341939 0.8292421955626139 0.9243619858337601 0.945321489001692 0.9508914371882206 0.9555576656048353 0.9580239368934127 0.9591008622396966 0.962917892658855 0.9628790053230352 0.9642114249971634 0.9642114249971634 0.9666801860263898 0.9666801860263898 0.9666801860263898 0.9666801860263898 0.9653866536880814
0.1 0.1 0.34623115577889446 0.4496436606926243 0.5809486825729143 0.6254814346753326 0.6476136075145976 0.6542908582539778 0.7468032046250264 0.8430975627453985 0.8735271031417287 0.889514540415347 0.898284214759957 0.9040527099481493 0.911104389325805 0.9225721751088998 0.9289738139284374 0.9306398141949976 0.933190661076162 0.9380700355679337
0.1 0.3412060301507538 0.3462640798492804 0.36115198654614256 0.41604813025109555 0.8364227797169335 0.8870946447050588 0.9037907636917538 0.9170358377254929 0.9240033493805047 0.9234617895978467 0.9247561401384284 0.9263061672639031 0.929480921617285 0.9319297412862045 0.9357204326734833 0.937427995469105 0.9382924491343886 0.9382924491343886 0.9382924491343886
0.10577355267889246 0.3522409643755194 0.30973776626458127 0.5821487533827022 0.6718851132686084 0.6992447696782061 0.7144652633022063 0.7164034805027393 0.7185663610108204 0.7196464792813677 0.7232066269637036 0.7218867446476077 0.7218867446476077 0.7218867446476077 0.8486981606182429 0.8944558366867221 0.9279626168822441 0.935271283709093 0.9401977156586463 0.943389748345061
0.1012396694214876 0.10845986984815618 0.38344589899663695 0.4293492351568577 0.6669125902165196 0.7902894441849412 0.9421895020001543 0.9413854918866045 0.9451714676111574 0.9468220359327437 0.9430097248283724 0.9418144191198821 0.9418144191198821 0.9431889895666175 0.9443276535342289 0.9454773190860684 0.9429530830874935 0.9429530830874935 0.94435742427423 0.9471226734151234
0.1 0.1006036217303823 0.38124724487546835 0.6087108573419189 0.777486403858658 0.9399610324886792 0.9659772970251037 0.964759535655058 0.9673605457560681 0.9661413939901453 0.9661413939901453 0.9637389478631795 0.9637389478631795 0.9637389478631795 0.9649943280640405 0.9637878604023489 0.9637878604023489 0.9651329697876593 0.9651329697876593 0.963938447350341

Os_mode: smote, train_mode: 

Test_acc:
0.27 0.25 0.3375 0.8575 0.9475 0.9675 0.9675 0.97 0.965 0.965 0.96 0.96 0.9575 0.9575 0.9575 0.9575 0.9575 0.9575 0.955 0.955
0.2975 0.2975 0.4725 0.685 0.9025 0.9475 0.955 0.9575 0.9575 0.96 0.96 0.96 0.96 0.96 0.96 0.96 0.96 0.96 0.9625 0.96
0.25 0.3475 0.8125 0.945 0.9625 0.9725 0.9725 0.97 0.97 0.9725 0.9725 0.9725 0.9725 0.9675 0.965 0.9675 0.965 0.965 0.965 0.965
0.2625 0.25 0.3025 0.895 0.9475 0.965 0.965 0.965 0.965 0.965 0.9625 0.96 0.96 0.96 0.96 0.9525 0.9525 0.9525 0.9525 0.9525
0.265 0.25 0.615 0.9225 0.95 0.9575 0.9625 0.9675 0.965 0.9675 0.9675 0.9675 0.965 0.965 0.965 0.965 0.965 0.965 0.965 0.965
0.275 0.3625 0.58 0.855 0.9425 0.9575 0.9625 0.9625 0.965 0.965 0.9675 0.965 0.9625 0.9625 0.9625 0.9625 0.965 0.9625 0.9625 0.9625
0.25 0.485 0.5625 0.7875 0.905 0.945 0.9525 0.955 0.9575 0.955 0.955 0.9575 0.9575 0.9575 0.9525 0.9525 0.9525 0.95 0.95 0.95
0.25 0.25 0.25 0.44 0.82 0.89 0.9025 0.9075 0.9025 0.9025 0.9025 0.9025 0.905 0.905 0.905 0.905 0.9025 0.9025 0.9025 0.9025
0.25 0.25 0.41 0.7175 0.93 0.9525 0.9525 0.955 0.9575 0.9625 0.965 0.965 0.9675 0.97 0.97 0.97 0.97 0.97 0.9725 0.9725
0.2525 0.25 0.2525 0.7625 0.9075 0.925 0.9325 0.9425 0.9425 0.935 0.94 0.94 0.94 0.94 0.94 0.94 0.94 0.94 0.9375 0.935

Test_auc:
0.480625 0.9384083333333333 0.984575 0.9918916666666666 0.9941583333333334 0.9957416666666667 0.9968333333333333 0.9972 0.9976166666666666 0.997625 0.9976 0.9975166666666667 0.9974666666666667 0.9974249999999999 0.9974166666666666 0.997425 0.997375 0.9973333333333334 0.9973000000000001 0.9972333333333334
0.7367666666666666 0.9568000000000001 0.9835333333333334 0.9943416666666667 0.9965916666666668 0.9970833333333333 0.997125 0.9969833333333333 0.9970916666666667 0.9971 0.9970833333333332 0.9970666666666667 0.9970416666666666 0.9970083333333334 0.9969583333333334 0.9970583333333334 0.9970416666666667 0.9970000000000001 0.9969666666666666 0.9969416666666666
0.6543166666666667 0.9833083333333333 0.994425 0.9959833333333332 0.9969166666666667 0.9976166666666666 0.9978916666666667 0.9978916666666666 0.9979666666666667 0.9981249999999999 0.9982666666666666 0.9983 0.9982833333333333 0.9982833333333334 0.9983416666666667 0.9983583333333332 0.99835 0.9983166666666666 0.9983 0.998275
0.5350458333333333 0.95015 0.9823833333333333 0.9891833333333333 0.9940249999999999 0.9950583333333334 0.9961083333333334 0.9967916666666666 0.9971333333333334 0.9973 0.9973000000000001 0.99745 0.9974083333333333 0.9975 0.9975333333333333 0.9975750000000001 0.9976333333333334 0.9976083333333333 0.997625 0.9976083333333333
0.762425 0.9760583333333334 0.9886666666666667 0.99235 0.9952666666666666 0.9966916666666666 0.997075 0.9969166666666667 0.9968250000000001 0.9967916666666666 0.9968416666666667 0.9969166666666667 0.9970333333333333 0.9969833333333334 0.9969416666666667 0.9968666666666667 0.9970916666666666 0.99715 0.9971750000000001 0.9972083333333334
0.6257916666666667 0.9814791666666667 0.9939250000000001 0.9962583333333332 0.9979416666666667 0.998125 0.9982583333333334 0.9983666666666667 0.9982333333333333 0.9982 0.9981583333333333 0.9980666666666667 0.9980166666666667 0.997975 0.9979833333333334 0.997925 0.9979083333333333 0.9978833333333332 0.9978666666666667 0.9978416666666667
0.7182916666666667 0.966825 0.9859333333333333 0.9931666666666668 0.9955833333333334 0.9964666666666666 0.99725 0.9978333333333333 0.998075 0.9981500000000001 0.9981833333333334 0.9981916666666666 0.9982583333333332 0.9982666666666666 0.9982916666666668 0.9982083333333334 0.9981833333333333 0.998175 0.9981583333333333 0.9981499999999999
0.6026583333333333 0.9656916666666666 0.98625 0.9929749999999999 0.9944333333333333 0.9943833333333334 0.993575 0.992725 0.9931749999999999 0.9936 0.9933916666666667 0.993425 0.9935833333333333 0.993675 0.993575 0.9935833333333333 0.99375 0.9937916666666666 0.9939166666666667 0.9939666666666666
0.6284291666666667 0.9527083333333334 0.9799500000000001 0.9896666666666667 0.9934999999999999 0.9958750000000001 0.997525 0.998375 0.9986999999999999 0.9987333333333333 0.9986416666666666 0.9986 0.9985666666666667 0.9985250000000001 0.9985333333333333 0.9985083333333333 0.9984999999999999 0.9985250000000001 0.9984916666666666 0.9984916666666666
0.5740166666666666 0.9697166666666668 0.9932583333333332 0.9955333333333334 0.99735 0.9980416666666667 0.9981166666666668 0.9980083333333334 0.997925 0.9979583333333333 0.9980166666666667 0.9980833333333334 0.9981166666666668 0.9980833333333333 0.998075 0.998075 0.9980749999999999 0.998075 0.9980416666666667 0.998

Test_f1:
0.050387596899224806 0.1020408163265306 0.37348847955911063 0.6636404989025135 0.7180367830483995 0.8482651667948904 0.9290873152047544 0.9529115247332843 0.958699229146774 0.9627309998866258 0.9627309998866258 0.9627878565554209 0.9627878565554209 0.9627878565554209 0.9616265782202296 0.9618279426034471 0.9592800860166316 0.9604492402454874 0.9604492402454874 0.9604492402454874
0.31265967153284674 0.3331762774721099 0.37670730400520946 0.6255315465841782 0.6616553646682771 0.6942207984149937 0.7742769729753284 0.8931148177108923 0.9317223295116166 0.9395481544391198 0.9413347266226413 0.9413347266226413 0.9468985997792565 0.9485051324635068 0.9485051324635068 0.949736475747089 0.949736475747089 0.9485051324635068 0.9485051324635068 0.9499104782888029
0.1 0.26677955665024633 0.641579784988145 0.6590885068068806 0.6823624490720699 0.8420643323581678 0.9038770947554935 0.9272820877298489 0.9333207350728441 0.9396911258741811 0.9411133582100556 0.9448076950612815 0.9436585932367892 0.9436585932367892 0.9448076950612815 0.946200064874704 0.9465678763110501 0.9475778548995042 0.9489412929448794 0.9489412929448794
0.0 0.11600928074245939 0.2683201282945528 0.6865351542880859 0.6782179152148664 0.8533632922556251 0.9154786178261111 0.926427225861822 0.930629871524344 0.9322792362200708 0.9374554225889177 0.9400333116517476 0.9418145322151894 0.940653253879998 0.940653253879998 0.940653253879998 0.9406013101905871 0.9408038825438811 0.9408038825438811 0.9408038825438811
0.023809523809523808 0.15383887281282957 0.5679374239550834 0.6909806560759084 0.6989294388675193 0.7071886817996398 0.7128499946404665 0.7987451089917883 0.876307176594948 0.9157426269893025 0.9229149418539251 0.9318408829352741 0.9334642595586508 0.9382255597110123 0.941634293732989 0.9458381993935269 0.9498468458054345 0.9498468458054345 0.9498468458054345 0.9498468458054345
0.10924369747899158 0.5763292846735271 0.6451109785607524 0.7026535111883141 0.7058111651986765 0.7102739187819845 0.7134214189413969 0.7158003688392702 0.8160154457656821 0.8814137020092169 0.9153210246174319 0.9196212909942738 0.924721597012635 0.926382616214017 0.9280246523388117 0.9312530623468827 0.9359611602753196 0.9369444444444445 0.937936507936508 0.9419899719114966
0.1 0.33997668997669 0.552152579005783 0.6731473286128098 0.6893356557813267 0.6997010336327925 0.7039928672980071 0.7051793453174338 0.7064591869619263 0.7075561111864008 0.7108234966074914 0.7869947900196398 0.8644586470856042 0.8935961762231333 0.9129041774588453 0.923411322317349 0.9250916556954913 0.9300180876450447 0.9336839751174455 0.9352358062782152
0.1 0.16140350877192983 0.3236180904522613 0.4274835692413337 0.6087287540617234 0.647767571654302 0.8523770679720895 0.8880371630599302 0.8914635119918971 0.8960428714985929 0.8984139472894634 0.9010175643691243 0.9010175643691243 0.8988283729936906 0.8969214317274816 0.899713970293055 0.8986177704525022 0.8976766825548926 0.8976766825548926 0.8964665058128011
0.18253987610360467 0.33 0.3439129726205997 0.6239743143073393 0.7036436045798249 0.707303556008023 0.7147051858868103 0.7171301916639076 0.85040640187699 0.9194790640323129 0.9432113558368939 0.9477109103364484 0.9532258337093893 0.954396991827809 0.9598959296189797 0.9598959296189797 0.9587233767368446 0.9587233767368446 0.9587233767368446 0.9599907129396184
0.08620689655172414 0.1 0.3630209136221161 0.6062788697350094 0.8013452065176203 0.9418624770482356 0.9550013196710095 0.9620938079931073 0.9595796836816491 0.9530586263195284 0.9516691646103285 0.9530586263195284 0.9535766380563763 0.9511964542485482 0.9511964542485482 0.9497784786813579 0.9497784786813579 0.9497784786813579 0.9486293768568657 0.9486293768568657

Os_mode: reweight, train_mode: 

Test_acc:
0.42 0.5375 0.9075 0.9525 0.9575 0.96 0.9625 0.9625 0.9625 0.9625 0.9625 0.9625 0.9625 0.9625 0.9625 0.9625 0.9625 0.9625 0.96 0.96
0.2475 0.4425 0.5075 0.88 0.935 0.945 0.945 0.9475 0.9525 0.955 0.955 0.955 0.955 0.9625 0.9625 0.9625 0.9625 0.9625 0.9625 0.9625
0.36 0.3675 0.6025 0.885 0.9525 0.965 0.9675 0.97 0.97 0.97 0.97 0.97 0.9675 0.9675 0.9675 0.9675 0.9675 0.9675 0.9675 0.9675
0.2575 0.5625 0.73 0.88 0.9725 0.975 0.9825 0.98 0.98 0.98 0.98 0.98 0.98 0.98 0.98 0.98 0.98 0.98 0.98 0.98
0.25 0.4825 0.4925 0.66 0.9225 0.9675 0.9675 0.9675 0.97 0.9725 0.97 0.9725 0.9725 0.9725 0.9725 0.9725 0.97 0.97 0.9675 0.9675
0.305 0.55 0.795 0.8925 0.93 0.945 0.945 0.95 0.95 0.955 0.9575 0.9575 0.9575 0.9575 0.9575 0.9575 0.9575 0.9575 0.9575 0.9575
0.25 0.43 0.5175 0.895 0.96 0.9625 0.9575 0.96 0.9575 0.955 0.955 0.955 0.955 0.955 0.955 0.955 0.955 0.955 0.955 0.9525
0.26 0.4825 0.86 0.93 0.95 0.9575 0.9625 0.9625 0.96 0.96 0.96 0.9575 0.96 0.9575 0.955 0.955 0.955 0.955 0.955 0.955
0.31 0.815 0.9525 0.9625 0.96 0.96 0.955 0.96 0.96 0.9625 0.9625 0.9625 0.9625 0.965 0.965 0.965 0.965 0.9675 0.9675 0.9675
0.24 0.32 0.55 0.8225 0.955 0.955 0.965 0.96 0.9625 0.9625 0.965 0.965 0.965 0.965 0.965 0.965 0.965 0.9625 0.9625 0.9625

Test_auc:
0.6987166666666667 0.9730416666666668 0.9883166666666667 0.9926083333333333 0.994925 0.9962 0.9969583333333334 0.9958666666666666 0.9961333333333333 0.996225 0.9960583333333333 0.99575 0.9952583333333334 0.9952916666666667 0.995075 0.9950416666666666 0.9950083333333333 0.99505 0.9950416666666666 0.9949999999999999
0.36687500000000006 0.9362583333333333 0.985975 0.9935416666666665 0.9956583333333333 0.996475 0.9968166666666666 0.99695 0.99705 0.9970916666666666 0.997025 0.9971166666666667 0.9972 0.9972 0.9972166666666666 0.9972083333333333 0.9972 0.9972 0.9972166666666666 0.9972
0.71235 0.9775333333333334 0.9916 0.99515 0.9970333333333333 0.9979166666666667 0.998275 0.9979916666666667 0.9978750000000001 0.9980833333333332 0.9981499999999999 0.9981833333333333 0.9981249999999999 0.9981583333333333 0.9982 0.9981666666666666 0.9981833333333333 0.9981833333333334 0.9981916666666666 0.9981833333333333
0.533975 0.9811083333333334 0.992925 0.9974833333333334 0.9986916666666665 0.9989916666666667 0.9990249999999999 0.9990416666666666 0.9989833333333333 0.9990333333333333 0.999075 0.9991000000000001 0.9991083333333333 0.9991333333333334 0.99915 0.9991416666666666 0.9991416666666666 0.99915 0.9991666666666666 0.9991749999999999
0.47034999999999993 0.9761249999999999 0.9955416666666665 0.9979583333333333 0.9985916666666667 0.9989499999999999 0.9990916666666667 0.9991416666666666 0.9990916666666666 0.9990916666666666 0.9990833333333333 0.9991 0.999075 0.9990916666666667 0.9990833333333333 0.9990666666666668 0.9990749999999999 0.9990749999999999 0.9990749999999999 0.9990583333333333
0.6414291666666667 0.9690833333333333 0.9892000000000001 0.9948750000000001 0.9972583333333334 0.9979666666666667 0.9981166666666667 0.9983500000000001 0.9984333333333333 0.9984500000000001 0.9984166666666667 0.9984583333333332 0.9984833333333334 0.9985166666666667 0.9985083333333333 0.9984916666666666 0.9984916666666667 0.998475 0.9984833333333334 0.9984916666666666
0.6212 0.9692916666666667 0.9897416666666666 0.99405 0.9950916666666667 0.9945166666666667 0.9942666666666667 0.99405 0.993925 0.9940166666666665 0.9941416666666667 0.9943333333333333 0.9944250000000001 0.994475 0.99455 0.9947416666666666 0.99505 0.99525 0.9953083333333334 0.9953666666666666
0.6026166666666666 0.9727583333333334 0.9929499999999999 0.9961166666666665 0.9971833333333333 0.997125 0.9970916666666667 0.9973916666666667 0.9975083333333334 0.9972666666666666 0.9970833333333333 0.997125 0.99725 0.9971083333333334 0.997025 0.9969750000000001 0.996975 0.9969250000000001 0.9969416666666666 0.9969916666666667
0.5728500000000001 0.9799083333333333 0.9918583333333333 0.9950833333333333 0.9978083333333334 0.9984916666666667 0.99845 0.9986 0.9985666666666666 0.998625 0.9985833333333334 0.9986083333333333 0.9986416666666666 0.9986416666666666 0.998625 0.9986250000000001 0.99865 0.9986416666666666 0.9986333333333334 0.9986166666666666
0.48535833333333334 0.9624083333333333 0.9903583333333335 0.994625 0.9962416666666666 0.9967583333333333 0.997225 0.9973166666666666 0.9975416666666668 0.9974083333333333 0.9973166666666666 0.9972916666666667 0.9973333333333332 0.9973333333333332 0.9973666666666666 0.9974166666666666 0.9975416666666667 0.9976 0.9976666666666667 0.99775

Test_f1:
0.1026694045174538 0.10183299389002037 0.14705882352941177 0.18518518518518517 0.3940730051841163 0.7850823701627834 0.8838557624679277 0.9082294563140533 0.915722042438361 0.921660137482749 0.9307505698810047 0.9334285633001835 0.9368888375440796 0.9398372404924824 0.941200042737733 0.941200042737733 0.9427892957158006 0.9438453633041263 0.9466144235881078 0.9466144235881078
0.10728744939271256 0.10162601626016261 0.12195121951219512 0.3590671328292273 0.42340286831812257 0.5623006603634876 0.8604868749588476 0.9018030289038692 0.9227833540634504 0.9315240782249659 0.934394571118586 0.9398298754844021 0.9398298754844021 0.9398298754844021 0.9412521078202765 0.9412521078202765 0.9425210789384938 0.9425210789384938 0.9425210789384938 0.9436070339207236
0.0 0.0 0.23366834170854273 0.43372315298544806 0.7497555935055935 0.938255807168384 0.9565396552705778 0.9579585707478189 0.9579032523000748 0.9606125990815864 0.9606125990815864 0.9621618338527285 0.9621502893242023 0.9634846692300107 0.9648443501582197 0.9636271119939184 0.9622674310657094 0.9622674310657094 0.9608938046920832 0.9612209398641559
0.12125000000000001 0.10040160642570281 0.12048192771084337 0.4367019535086762 0.48912833397758015 0.5934767157998826 0.8277195613565967 0.9315702642410415 0.9383432019707166 0.9453851167582912 0.9471500612765067 0.9500561172019384 0.9531470279837817 0.955910138343049 0.9561389189424543 0.9564129665106738 0.9592385295456609 0.963311752657435 0.9620973744190929 0.9634728351316617
0.1 0.1 0.10495049504950496 0.3249774882144182 0.38862960738105146 0.5774221453287197 0.6518122400475341 0.6740074408141635 0.8542157014283711 0.9307440919655485 0.9341922009516784 0.9426994482003328 0.9558712503693066 0.9547845300911063 0.958075447159996 0.958075447159996 0.9591932152007722 0.9603216286514605 0.9590802642300442 0.9590802642300442
0.016666666666666666 0.12254901960784313 0.20491803278688525 0.6439519175777613 0.7175180507180823 0.7430022568611625 0.9019195632672741 0.9355532818598421 0.9512936232542203 0.9601491294501521 0.9603998231251862 0.961928693142758 0.9646973334936353 0.9646973334936353 0.9673513839454853 0.9673513839454853 0.9662029112957102 0.9674809939372375 0.9674809939372375 0.9674809939372375
0.11124401913875598 0.1006036217303823 0.1255446623093682 0.3608495501150868 0.5338436115765073 0.6773120173977675 0.7058596372551014 0.9155773708565353 0.9467825524835776 0.9550920802411417 0.9537612344699974 0.9537252289583996 0.9537252289583996 0.9537369543794534 0.955031626993923 0.955031626993923 0.955031626993923 0.9563132878233225 0.9550960496590212 0.9539402707645488
0.0 0.05357142857142856 0.22171945701357465 0.5300637958532696 0.7126599939099939 0.7155996944691703 0.7820018329405604 0.8710012002922451 0.8969010116725906 0.9077642835544668 0.9237595480486174 0.9273723743675658 0.9340557494719935 0.9300550846056008 0.9333204973537722 0.9337881544427956 0.9382218273791734 0.9397736585399431 0.9397736585399431 0.941308342395069
0.0 0.23239436619718312 0.19083969465648853 0.25178890876565296 0.6485619391457813 0.8877869459668484 0.9334217425900376 0.9485733502545157 0.954347928806919 0.9573811388680589 0.9587574342048464 0.9615248867552106 0.9615248867552106 0.9615248867552106 0.9615248867552106 0.9615248867552106 0.9615248867552106 0.9628730231548935 0.9630493517228342 0.9630493517228342
0.1 0.1 0.1 0.28357646736524894 0.4163425227817528 0.5790014918159538 0.6240547705833599 0.6285014068247127 0.681107624004102 0.7808495343829303 0.8184809813369384 0.8515089167286589 0.8632151048279493 0.8713010886430976 0.8779194702614792 0.8856451939190092 0.887780402002134 0.8908453415861308 0.8951877597068159 0.8980816637645506

Os_mode: embed_sm, train_mode: 

Test_acc:
0.26 0.265 0.4775 0.9125 0.9475 0.945 0.9475 0.9525 0.9525 0.9525 0.95 0.95 0.95 0.9475 0.9475 0.9475 0.9475 0.9475 0.9475 0.9475
0.235 0.335 0.49 0.6925 0.92 0.96 0.97 0.975 0.9725 0.9725 0.9725 0.97 0.97 0.97 0.97 0.97 0.97 0.97 0.97 0.97
0.25 0.5875 0.6775 0.745 0.9225 0.9675 0.9725 0.9725 0.9725 0.9725 0.9725 0.975 0.975 0.975 0.975 0.9775 0.9775 0.9775 0.9775 0.9775
0.245 0.58 0.6225 0.8325 0.9375 0.9475 0.955 0.955 0.96 0.96 0.9625 0.9625 0.9625 0.9625 0.9625 0.9625 0.9625 0.9625 0.9625 0.9625
0.255 0.6375 0.545 0.825 0.925 0.955 0.9525 0.955 0.9575 0.96 0.9575 0.9575 0.955 0.955 0.9575 0.9575 0.9575 0.955 0.955 0.955
0.25 0.58 0.8175 0.9475 0.9475 0.9525 0.9675 0.9675 0.96 0.9575 0.9575 0.9575 0.96 0.96 0.9625 0.96 0.9575 0.9575 0.96 0.96
0.25 0.25 0.3975 0.9275 0.9475 0.955 0.96 0.955 0.9575 0.955 0.955 0.955 0.9575 0.9575 0.9575 0.9575 0.9575 0.9575 0.9575 0.9575
0.26 0.395 0.4725 0.93 0.945 0.9525 0.965 0.965 0.965 0.965 0.965 0.97 0.97 0.97 0.9725 0.9725 0.97 0.97 0.97 0.97
0.2975 0.2575 0.455 0.9475 0.9625 0.965 0.9675 0.9675 0.975 0.975 0.975 0.975 0.98 0.98 0.9825 0.98 0.9775 0.975 0.9725 0.9725
0.29 0.25 0.305 0.68 0.9325 0.96 0.9625 0.96 0.96 0.9625 0.965 0.965 0.9625 0.965 0.965 0.965 0.9625 0.9625 0.96 0.96

Test_auc:
0.6209666666666667 0.96705 0.9929583333333334 0.9957833333333335 0.9967416666666666 0.9969833333333333 0.9974000000000001 0.9975416666666668 0.9976083333333333 0.9975916666666667 0.9974749999999999 0.9974333333333333 0.9973916666666667 0.9973166666666666 0.9973083333333332 0.997275 0.9971916666666667 0.997175 0.9971666666666666 0.9970916666666667
0.48953333333333326 0.93695 0.9816 0.9925833333333334 0.9951666666666665 0.996275 0.996925 0.9975416666666667 0.9980083333333334 0.9980749999999999 0.9983333333333333 0.998475 0.9985666666666667 0.9986 0.9986416666666668 0.9986666666666666 0.9986916666666668 0.9986916666666666 0.9986833333333334 0.9986916666666668
0.34022499999999994 0.9360666666666667 0.9909666666666666 0.9964166666666665 0.9982666666666666 0.9987083333333333 0.9989916666666667 0.9990083333333333 0.9990666666666667 0.9990333333333332 0.9990833333333334 0.9991083333333334 0.9991416666666666 0.9991583333333334 0.9992 0.9991749999999999 0.9991833333333332 0.9992 0.9992083333333334 0.999225
0.4973208333333333 0.9487416666666667 0.99015 0.9952583333333332 0.9962 0.9963416666666666 0.9969916666666666 0.997 0.9972500000000001 0.9975166666666666 0.9976416666666666 0.9975916666666667 0.9976333333333334 0.99765 0.9976666666666667 0.9976499999999999 0.9976083333333333 0.9975833333333333 0.9975083333333332 0.9975166666666666
0.5246541666666666 0.95045 0.9877916666666666 0.9950833333333333 0.9972416666666667 0.9978 0.9979916666666667 0.9980416666666667 0.9981083333333333 0.9980833333333333 0.9980333333333333 0.9979499999999999 0.9979166666666667 0.9979083333333333 0.9978666666666666 0.9978750000000001 0.9978833333333332 0.9978416666666666 0.9978333333333333 0.9978
0.6283416666666667 0.9640916666666666 0.98735 0.9930333333333333 0.9950416666666668 0.9955499999999999 0.9956416666666666 0.9960416666666667 0.9958 0.9959 0.9959749999999999 0.9959250000000001 0.9959916666666666 0.9961166666666668 0.9962083333333334 0.9961583333333334 0.9961416666666667 0.9961 0.9960666666666667 0.9960666666666667
0.6083416666666668 0.9725333333333334 0.9917916666666666 0.995625 0.9971083333333334 0.997825 0.9977 0.9978083333333333 0.9978166666666667 0.9977749999999999 0.9977416666666665 0.9977583333333333 0.997775 0.99775 0.9977083333333333 0.9977166666666667 0.9976916666666666 0.9976833333333334 0.9976083333333332 0.997625
0.5536416666666666 0.9448333333333332 0.9895833333333333 0.99475 0.9967583333333333 0.997525 0.9979333333333333 0.9982333333333333 0.9982749999999999 0.9983 0.9984083333333333 0.9983916666666666 0.9984083333333333 0.9984500000000001 0.9984333333333334 0.9984583333333332 0.9984416666666666 0.9984166666666666 0.9984416666666667 0.9984416666666667
0.6507791666666667 0.9724833333333333 0.993625 0.9972500000000001 0.9982666666666666 0.9986 0.9988583333333333 0.99895 0.999 0.9991083333333333 0.9990583333333333 0.9990749999999999 0.9990083333333334 0.99895 0.9989083333333334 0.9987916666666666 0.9987333333333333 0.9986666666666667 0.9984999999999999 0.9984666666666667
0.55095 0.9632833333333333 0.99245 0.9963333333333333 0.9974583333333333 0.9979916666666666 0.998175 0.9981583333333334 0.9982083333333334 0.9983083333333332 0.9983583333333335 0.9983833333333334 0.9984166666666667 0.9984500000000001 0.99845 0.9985250000000001 0.998525 0.9984833333333334 0.9984916666666666 0.9985083333333333

Test_f1:
0.11058823529411765 0.1 0.28736758508498894 0.4667720407446435 0.7023006624630856 0.923006322104124 0.9400407716221868 0.9451829592704277 0.947327593669057 0.948795190297944 0.948795190297944 0.9451715635781398 0.9451715635781398 0.9468564248903821 0.9456702337909058 0.9433123424047267 0.9421314378821136 0.9421314378821136 0.9409696409695555 0.9409696409695555
0.08456973293768547 0.10101010101010102 0.3321881606765328 0.3773626373626373 0.5435624151905929 0.8797923916646287 0.9311454524941589 0.9422032503778858 0.9442318976826745 0.9473845555287236 0.9519838269312737 0.9549671381113062 0.9549671381113062 0.9549671381113062 0.9549671381113062 0.9564347347401931 0.9552128383570064 0.9564678703248018 0.9593538732108047 0.9593538732108047
0.0 0.21559633027522934 0.13282773290116734 0.4456521739130435 0.7200767454317151 0.9536446140923752 0.9582393691875546 0.9678337680419177 0.9706613156343029 0.9720528835593512 0.9720528835593512 0.972202084655301 0.9735641913803691 0.9723920388821451 0.9723920388821451 0.9723920388821451 0.9711605724519199 0.9711605724519199 0.9711605724519199 0.9711605724519199
0.0 0.21658986175115208 0.2942053409385533 0.47138047138047134 0.8322839339407349 0.9456412507083323 0.9600787952745296 0.9618376489351721 0.9646862653214988 0.9646968428754787 0.9648625329482614 0.9648625329482614 0.9648625329482614 0.9648625329482614 0.9661974523244179 0.9661974523244179 0.9661974523244179 0.9661974523244179 0.9661974523244179 0.9661974523244179
0.00980392156862745 0.22705314009661837 0.3455983529387422 0.5879461472525667 0.7159637858766695 0.8210801027215642 0.9193228186829664 0.9361633240794476 0.9371544386985564 0.9460519484805386 0.9467203424081063 0.9494486455059477 0.949506725844648 0.9471274277137093 0.9447350832161017 0.9447350832161017 0.9447350832161017 0.9447350832161017 0.9447350832161017 0.9462513265356236
0.08394160583941607 0.21244635193133046 0.21727585129646987 0.637933728553513 0.899560120804701 0.9447346352055734 0.9485934638942999 0.9527204676889 0.9555417247759521 0.9579639057695617 0.9580669773012046 0.9582662598839069 0.960657650876334 0.9607368865286372 0.960733222841391 0.960733222841391 0.9595313639663308 0.9583405173096494 0.9582097397310724 0.9582097397310724
0.10080645161290323 0.1 0.13845691533318308 0.56080303159478 0.8316906504979898 0.9432215972054461 0.9505868311920859 0.9523791201793135 0.9500190301161064 0.9500190301161064 0.9514345527911772 0.9543252354420553 0.9543252354420553 0.9531180950235798 0.9517325154110241 0.9517325154110241 0.9517325154110241 0.950537209702534 0.9493219968399731 0.9493219968399731
0.0 0.10683760683760682 0.2961320522296132 0.608874370491357 0.7167013146722103 0.7187676351341502 0.8008797601702607 0.9205504299518082 0.934237341842313 0.9398566243054064 0.9427252844365261 0.9437364851671501 0.9506511878680476 0.9494200320891532 0.9494200320891532 0.9482360396667047 0.9494200320891532 0.9494200320891532 0.9496657323348534 0.9513677427984077
0.0 0.1002004008016032 0.14364684513938245 0.5595098858256753 0.8802331802183533 0.9523000392818952 0.9621225119912893 0.9663156194814178 0.9679137384892336 0.9679788172345153 0.9707507346792066 0.9719822011094319 0.9706059057726444 0.9681552875764963 0.9694492574257425 0.9682421170072671 0.9658631671093938 0.9658631671093938 0.967144261636757 0.967144261636757
0.09174311926605505 0.1 0.1 0.4722209535988309 0.6313816598589288 0.6683344517691022 0.7845452174753493 0.8983838446790275 0.920212460100408 0.9315929539211514 0.9303778471888031 0.934767029930638 0.9404840979699809 0.9446006184951702 0.9475149155271143 0.9500264345741734 0.9505297081037626 0.9493904964382351 0.95320183384473 0.95320183384473

Os_mode: gsm, train_mode: pret

Test_acc:
0.25 0.46 0.525 0.6975 0.84 0.945 0.9525 0.955 0.9575 0.9575 0.9575 0.9575 0.955 0.9575 0.9575 0.9575 0.9575 0.9575 0.9525 0.9525
0.2525 0.25 0.27 0.71 0.9575 0.9575 0.96 0.9575 0.96 0.9525 0.9525 0.9525 0.9525 0.9525 0.955 0.955 0.955 0.9525 0.955 0.955
0.25 0.2575 0.2625 0.815 0.9475 0.9625 0.9675 0.965 0.97 0.97 0.97 0.97 0.97 0.97 0.9675 0.965 0.9675 0.965 0.965 0.9675
0.35 0.31 0.6375 0.8875 0.935 0.9425 0.9525 0.9525 0.95 0.9475 0.9525 0.9525 0.9525 0.9525 0.9525 0.95 0.9525 0.9525 0.9525 0.9525
0.25 0.25 0.475 0.7675 0.955 0.9575 0.9625 0.96 0.9625 0.965 0.9625 0.9625 0.9625 0.9625 0.9625 0.9575 0.9575 0.9575 0.9575 0.9575
0.35 0.425 0.675 0.87 0.9625 0.9725 0.975 0.9675 0.97 0.9725 0.9725 0.9725 0.975 0.975 0.975 0.975 0.975 0.975 0.975 0.975
0.2525 0.25 0.5125 0.745 0.885 0.9325 0.945 0.9525 0.955 0.9575 0.9575 0.96 0.9625 0.9625 0.965 0.965 0.965 0.9625 0.9625 0.9625
0.2625 0.6325 0.9375 0.9675 0.97 0.97 0.97 0.965 0.9625 0.9625 0.9625 0.9625 0.9625 0.9625 0.9625 0.9625 0.9625 0.965 0.965 0.9675
0.25 0.4475 0.4975 0.7475 0.91 0.9325 0.94 0.94 0.9475 0.9475 0.9475 0.9475 0.9475 0.9475 0.9475 0.9475 0.9475 0.9475 0.9475 0.9475
0.2475 0.4725 0.5025 0.9325 0.945 0.9525 0.9525 0.945 0.9475 0.9475 0.95 0.9525 0.9525 0.95 0.9525 0.9525 0.9525 0.9525 0.9525 0.9525

Test_auc:
0.51615 0.9640333333333333 0.9889333333333332 0.9940583333333334 0.9961833333333333 0.9970333333333334 0.9970833333333333 0.9972166666666665 0.9971083333333333 0.9969416666666666 0.99675 0.9966666666666667 0.996725 0.9965833333333334 0.9966333333333333 0.9965416666666667 0.9965083333333333 0.9964833333333334 0.996475 0.9964583333333333
0.4620208333333333 0.93755 0.9841000000000001 0.9928 0.9953083333333334 0.9961916666666667 0.9963416666666667 0.9961916666666667 0.9962916666666668 0.9964583333333333 0.9965333333333334 0.9966166666666667 0.9968833333333335 0.9969333333333333 0.9969666666666667 0.9969916666666667 0.9970333333333334 0.9970583333333334 0.9971333333333333 0.997125
0.6167166666666667 0.9631 0.991775 0.9976416666666666 0.9989583333333334 0.9993583333333333 0.9994999999999999 0.9994833333333334 0.9994083333333333 0.9994083333333333 0.9992583333333334 0.9991749999999999 0.999 0.9988416666666666 0.9987416666666666 0.99865 0.998575 0.9984833333333334 0.9984333333333334 0.9983583333333333
0.44834166666666664 0.9651666666666666 0.992275 0.9947416666666667 0.9956333333333334 0.9972333333333333 0.9979250000000001 0.9983916666666667 0.998475 0.998475 0.9985583333333332 0.9985583333333333 0.9985333333333333 0.9984999999999999 0.9984916666666667 0.9985083333333333 0.9984833333333334 0.9985166666666667 0.9985 0.9985083333333333
0.6092583333333333 0.9778416666666666 0.9928083333333333 0.9960583333333334 0.9970916666666667 0.9976833333333333 0.9975499999999999 0.9970833333333333 0.9969166666666667 0.9968583333333334 0.9968 0.9968416666666667 0.9969166666666667 0.9969583333333333 0.99695 0.9970583333333333 0.9970833333333333 0.9970833333333333 0.9970416666666666 0.996925
0.5962333333333334 0.9635 0.9923666666666666 0.9975166666666666 0.9986333333333333 0.9989583333333334 0.9990333333333334 0.9990583333333333 0.9990916666666666 0.999075 0.999125 0.9991416666666667 0.9991166666666667 0.9991416666666667 0.9991166666666668 0.999125 0.9991083333333334 0.9991166666666668 0.9991083333333334 0.9991083333333334
0.620425 0.9514666666666666 0.9821083333333334 0.9907166666666667 0.9941083333333334 0.995475 0.9964166666666666 0.99685 0.9970749999999999 0.9970333333333333 0.9971583333333334 0.9971916666666667 0.9972416666666667 0.99725 0.997225 0.9972166666666666 0.99725 0.9971583333333334 0.9971583333333334 0.9971333333333333
0.568675 0.975375 0.9950833333333332 0.9974666666666666 0.9986666666666666 0.9990416666666666 0.9990249999999999 0.9988249999999999 0.9987416666666667 0.9986916666666666 0.9986916666666666 0.9986083333333333 0.9985666666666666 0.998575 0.9985666666666667 0.9985333333333333 0.9984999999999999 0.9985 0.9984916666666666 0.9984916666666667
0.44535 0.9709249999999999 0.9904416666666667 0.9942333333333333 0.9953583333333332 0.9960916666666666 0.9965083333333333 0.9967999999999999 0.99685 0.9969416666666667 0.9969916666666667 0.9970083333333333 0.9969833333333333 0.9970083333333333 0.9969583333333334 0.9969333333333333 0.9969333333333333 0.9968916666666666 0.9968833333333335 0.996875
0.4603083333333333 0.9359833333333333 0.983925 0.9933416666666667 0.9961 0.9972166666666666 0.99775 0.9979750000000001 0.9981 0.9981249999999999 0.9982083333333334 0.9982583333333332 0.9982500000000001 0.9982083333333334 0.9981666666666666 0.9981916666666666 0.9982166666666668 0.9982166666666668 0.9982250000000001 0.9982083333333334

Test_f1:
0.1 0.1 0.4549075989361944 0.5994979928223896 0.6486122634841144 0.687918048982778 0.6949474348191758 0.6993206663196252 0.6993206663196252 0.7033879711528055 0.7088462673825804 0.7119855367889729 0.7130514282618412 0.7130514282618412 0.7141272813372597 0.7141272813372597 0.7140654601358453 0.7127622559273326 0.7115429221712969 0.7115429221712969
0.0 0.0 0.47496389022628793 0.6532048399894208 0.7153615905615032 0.7170595548188492 0.7181834189986674 0.7316226616149657 0.8371108486776567 0.8965097711325334 0.9239670264312381 0.9310280893668305 0.9337957445971723 0.9401088759103036 0.9435592729034756 0.9479187241938731 0.9493409565297476 0.9493409565297476 0.9521405086014161 0.9535182986262163
0.0 0.0 0.3927738927738928 0.6734326424870466 0.7324371859296481 0.7299725102099041 0.8157537924197578 0.9460301931247188 0.9603222594399065 0.9618234904493341 0.9647772638949109 0.966230329864106 0.9704972696149167 0.9718896394283392 0.9746308674985146 0.9772488333686457 0.9772488333686457 0.9760532331773497 0.9773886319274165 0.9787103342800467
0.0995850622406639 0.14450867052023122 0.23130841121495327 0.43555900621118016 0.6619030864327683 0.7182228545274019 0.7214807064247963 0.8768218170081858 0.9257976603158395 0.94358124239703 0.9532689744989449 0.9595913458964326 0.9613920435771806 0.9613920435771806 0.9628295687338708 0.9628295687338708 0.9628295687338708 0.9655448408214815 0.9655448408214815 0.967160748703767
0.1 0.2865690442450008 0.3847228040776428 0.6427827150304757 0.7026997471115265 0.7241009923942263 0.7251475441661813 0.7239519439748853 0.7229420917581365 0.721758099335688 0.721758099335688 0.721758099335688 0.7303894680221804 0.8329886472287468 0.8709351968032033 0.8929669245947988 0.9113552868046713 0.9188839899855484 0.9242952453968039 0.9312166185972468
0.0049504950495049506 0.3154444444444444 0.6871901854364542 0.7017579308951303 0.7172717271727173 0.721115091804747 0.7254642514942738 0.7296914211357933 0.7286943647635791 0.7276076444853787 0.7265309864319766 0.7314814814814815 0.8109409778187121 0.8851418910607212 0.9122386685610474 0.9238163159830912 0.9328363765978986 0.9390936145694491 0.9407739479475914 0.9457003798971447
0.019047619047619046 0.38241045321637424 0.6901854364540931 0.686862679867878 0.6947980684811238 0.7055055772910994 0.7105899826900619 0.713529550641935 0.7160605483625285 0.7195102634755322 0.7180887206367697 0.7192961001402951 0.7192118226600985 0.7203458030532117 0.7203458030532117 0.7191384235496862 0.7191384235496862 0.7191384235496862 0.7179428233583901 0.7179428233583901
0.12640394410343475 0.41567080632143505 0.4668520156704158 0.457552755106356 0.4623447204968944 0.6057129484100706 0.784340447196797 0.95442926099281 0.9561790586275123 0.9561790586275123 0.9588088558565946 0.9611435915505684 0.9622194446259867 0.9622194446259867 0.9622194446259867 0.9635538245317952 0.9635538245317952 0.9635538245317952 0.964639779514025 0.964639779514025
0.1 0.1400560224089636 0.22593034529047656 0.5778936771399082 0.685581524330902 0.9039495555894654 0.9367844712510953 0.9424943949490517 0.9474677435117778 0.9526599748518492 0.951499360462362 0.955728790269347 0.9568147452515767 0.9543579320887734 0.9543579320887734 0.9543579320887734 0.9557350045146025 0.9531385983327378 0.9531385983327378 0.9531385983327378
0.0 0.16 0.2470488195278111 0.4639409920891586 0.6784415613004967 0.7074029390685834 0.7117993525690747 0.7815743073697861 0.9156070904546836 0.935828145223477 0.9393271546503534 0.9396844633738048 0.9401340201140401 0.9473871442102593 0.9523808883992153 0.9538031207350897 0.9538031207350897 0.9564791472144413 0.9552032301490506 0.9540981948334889

Os_mode: gsm, train_mode: preo

Test_acc:
0.275 0.54 0.7625 0.935 0.975 0.975 0.98 0.9725 0.9725 0.9725 0.9725 0.9725 0.9725 0.97 0.9725 0.9725 0.97 0.9725 0.9725 0.9725
0.2525 0.295 0.4775 0.7525 0.8875 0.935 0.945 0.945 0.9425 0.945 0.945 0.945 0.945 0.9425 0.9425 0.9425 0.945 0.945 0.9475 0.945
0.25 0.32 0.64 0.945 0.9625 0.96 0.965 0.97 0.9725 0.9725 0.9675 0.9675 0.9675 0.965 0.965 0.9675 0.9675 0.9675 0.9675 0.9675
0.43 0.275 0.51 0.8525 0.95 0.9575 0.96 0.965 0.965 0.9625 0.9625 0.9625 0.9625 0.96 0.9575 0.9575 0.9575 0.9575 0.9575 0.9575
0.2075 0.51 0.5925 0.8775 0.9275 0.9325 0.935 0.94 0.9375 0.935 0.93 0.9275 0.9275 0.9275 0.9275 0.9275 0.9275 0.9275 0.9275 0.9275
0.255 0.4675 0.53 0.785 0.945 0.9575 0.965 0.9675 0.97 0.9675 0.9675 0.9675 0.965 0.965 0.9675 0.9675 0.9675 0.9675 0.9675 0.9675
0.255 0.44 0.58 0.925 0.96 0.97 0.965 0.9725 0.97 0.975 0.9725 0.9725 0.975 0.975 0.975 0.975 0.975 0.9725 0.9725 0.9725
0.25 0.26 0.45 0.8175 0.9425 0.9425 0.9425 0.9475 0.9475 0.9475 0.945 0.9475 0.945 0.9475 0.9475 0.9475 0.9475 0.9475 0.9475 0.9475
0.4275 0.3475 0.4925 0.7825 0.9275 0.95 0.9525 0.95 0.9475 0.9475 0.9525 0.9525 0.9525 0.95 0.9525 0.9525 0.95 0.95 0.95 0.95
0.26 0.25 0.3425 0.67 0.915 0.9675 0.9675 0.9675 0.9725 0.975 0.9725 0.9725 0.9725 0.97 0.97 0.97 0.97 0.97 0.97 0.97

Test_auc:
0.6346833333333334 0.9597916666666666 0.9866833333333334 0.9937 0.9966916666666666 0.9980666666666667 0.9987916666666666 0.9989833333333333 0.9989916666666667 0.999 0.9989916666666667 0.9989999999999999 0.99895 0.9989333333333335 0.9989083333333333 0.9989416666666666 0.9989416666666666 0.9989333333333332 0.9989333333333332 0.9989250000000001
0.5582833333333334 0.9463333333333332 0.9774499999999999 0.9864083333333333 0.9907333333333334 0.9931166666666666 0.9942 0.9939583333333333 0.9941083333333334 0.9942166666666666 0.9938166666666666 0.9939166666666667 0.9939083333333333 0.9941833333333333 0.9942833333333333 0.994275 0.9942583333333334 0.9942083333333332 0.994375 0.994375
0.692825 0.972825 0.9917833333333332 0.9962416666666667 0.9980583333333334 0.998525 0.9988083333333333 0.9989166666666667 0.9988666666666667 0.9988666666666666 0.9987916666666666 0.9988083333333334 0.9988 0.9987916666666666 0.9988166666666667 0.9988166666666667 0.9988250000000001 0.998825 0.9988083333333333 0.9988083333333333
0.7652166666666667 0.9806 0.9941666666666666 0.9971583333333333 0.9986083333333333 0.9986999999999999 0.9984083333333333 0.9983833333333332 0.9986083333333334 0.9985833333333334 0.9986166666666667 0.9984916666666667 0.99835 0.9983 0.998225 0.9982083333333334 0.9981666666666668 0.9981666666666666 0.99815 0.9981166666666668
0.48422499999999996 0.9725833333333334 0.9899833333333333 0.9927083333333333 0.9936083333333333 0.9943916666666666 0.9951833333333333 0.9956666666666666 0.9959083333333334 0.9960083333333333 0.9959833333333332 0.9959333333333332 0.99595 0.9959666666666667 0.996 0.9959583333333333 0.995925 0.9958916666666666 0.9959083333333332 0.9959333333333333
0.4681666666666666 0.9599666666666666 0.987725 0.993125 0.9961666666666666 0.9975583333333334 0.9975666666666667 0.9974833333333333 0.9974583333333333 0.9974833333333334 0.9975916666666667 0.9978916666666667 0.9981083333333334 0.9982166666666668 0.9982916666666666 0.9984083333333333 0.9984416666666667 0.9985083333333333 0.99855 0.9985833333333334
0.6523916666666666 0.9778833333333334 0.9932416666666666 0.9962833333333333 0.9976916666666666 0.9984083333333333 0.9985416666666667 0.9987333333333334 0.9988916666666666 0.9990000000000001 0.999075 0.9990916666666667 0.9990833333333333 0.999075 0.999075 0.99905 0.998975 0.998975 0.9989250000000001 0.9989250000000001
0.6803 0.9681583333333333 0.9867999999999999 0.9931083333333333 0.9967166666666667 0.997575 0.9978333333333333 0.9979666666666667 0.9980333333333333 0.9979 0.9979333333333333 0.9976416666666666 0.9977416666666666 0.998075 0.9981416666666667 0.9981916666666666 0.9982333333333333 0.9982333333333333 0.9982583333333332 0.998275
0.7107833333333333 0.9673666666666667 0.9883083333333333 0.994375 0.99605 0.9968250000000001 0.99715 0.9972749999999999 0.9972916666666667 0.9972916666666667 0.9971666666666668 0.9969166666666667 0.9968166666666667 0.9966833333333334 0.9967166666666667 0.9967250000000001 0.9966333333333334 0.996575 0.9965083333333333 0.9964249999999999
0.48825 0.9705833333333334 0.9929083333333333 0.9974500000000001 0.9986916666666666 0.998725 0.9984666666666666 0.9984583333333332 0.9982500000000001 0.9981333333333333 0.9980249999999999 0.9978750000000001 0.9978166666666666 0.9978416666666667 0.9978666666666667 0.9979083333333333 0.9978916666666666 0.9978583333333333 0.997875 0.9978916666666666

Test_f1:
0.1 0.1 0.1 0.3581037198680298 0.5820096858684368 0.6140164506704828 0.6189526847421584 0.6152509752253997 0.6298920294835952 0.7091330463941194 0.7689098634272876 0.8163365432669522 0.8311915134827131 0.8319219790083926 0.8358616572269071 0.8412255460605962 0.8456081751240543 0.8467809083807067 0.8491750284218856 0.8539382036186327
0.1 0.3371134020618557 0.3392247910455056 0.3644915398247275 0.4332220883161831 0.5607416569280721 0.6117012640441146 0.621389734488399 0.6275737996859565 0.6270126450541862 0.6365358130479668 0.6365358130479668 0.6519458078671984 0.7377685917730974 0.7705205869185979 0.7867260073795062 0.8088682691147755 0.8220307822772887 0.8375330585019808 0.8446617127048021
0.10638297872340427 0.21993557623478882 0.3773448773448773 0.4899248899248899 0.6498631548136499 0.6988234537739488 0.8249688248867568 0.9179297008191866 0.9347989725080882 0.9453515063044765 0.9542926658995077 0.953073332143472 0.954526398112667 0.9532465758389299 0.9546841009956202 0.9522393793598838 0.9522393793598838 0.9536606334407124 0.9525328138918402 0.9513075284560284
0.1 0.3380952380952381 0.33514339046326147 0.3555161131663922 0.3655786488120147 0.39694385216773276 0.544621851980408 0.572572616738798 0.5838905224842845 0.598909386239703 0.60730556357384 0.6087213524514026 0.6126282128983473 0.6693965356923394 0.7458128193284156 0.79317521111856 0.8223441408104629 0.8412248071202102 0.8586163581499895 0.860760676572283
0.1 0.1 0.22962962962962963 0.345976136075146 0.5421695139720936 0.5798647602190387 0.6024653591844262 0.6131196829111345 0.7040420974590254 0.7844650250794922 0.8121656165573616 0.8387384778472793 0.8571770990077889 0.8627609605929547 0.865823059250028 0.869508218684403 0.8770311779822344 0.8777145181489694 0.8848177101347886 0.8884739637910423
0.1 0.1 0.2951219512195122 0.3423469387755102 0.45303795767761124 0.7646863780915654 0.8385240347448223 0.8670240274717886 0.8864894175198104 0.8977542352671657 0.9060750262701339 0.9076250533956087 0.9202633360022396 0.9228784899476352 0.9260185440420596 0.9305523701408602 0.9333273729158631 0.9342684608134726 0.9364736815880752 0.9362511727084564
0.1 0.1 0.3297297297297297 0.3524781584269897 0.5376234567901235 0.5994501048199687 0.6164688143334087 0.6319564896896974 0.6329269865841074 0.6429818293596509 0.6447489990760702 0.7739637886272678 0.8282321825592537 0.8525309334956966 0.8688148757985581 0.8790979111150077 0.8845289882321276 0.8884919778297714 0.8965467127470826 0.9040742729062217
0.1 0.1020408163265306 0.37318850109150203 0.40474440894568686 0.5911495911495912 0.6402925399392885 0.8390471184204709 0.8760407954256955 0.8797329175019548 0.8815937977702684 0.886472772349626 0.9010594955629623 0.9107784093584872 0.9154280118975887 0.9220801180731553 0.9234429888349406 0.9243220015278838 0.9273967252346812 0.9268803003346385 0.9256617073698143
0.1 0.30833333333333335 0.318541012155315 0.3577586206896552 0.5754028467980898 0.602540691789508 0.6346649370819435 0.6502411719222667 0.666755497335564 0.6743003693638324 0.6782848140916151 0.6791010606633796 0.685005244199142 0.7729540600891345 0.8305167871322097 0.8738999249901886 0.8892164292772812 0.8974787467434526 0.9021362355502898 0.9056794449893997
0.1 0.2932515337423313 0.3192982456140351 0.35141409877585483 0.38350716900129345 0.4022822093530108 0.682430028462998 0.8386863535397866 0.8697169254718117 0.8755455486162933 0.8858641540196575 0.8947110279014043 0.901006101741396 0.9117259158982742 0.91859427981719 0.9348661061520798 0.9437882402544591 0.9471147887637721 0.9525452784952095 0.9597887575422246

Os_mode: gsm, train_mode: preT

Test_acc:
0.25 0.25 0.5 0.74 0.9475 0.96 0.97 0.9675 0.97 0.97 0.97 0.9675 0.97 0.9675 0.9675 0.9675 0.9675 0.9675 0.9675 0.9675
0.2525 0.25 0.3075 0.5575 0.9075 0.965 0.96 0.955 0.9575 0.96 0.96 0.9575 0.9575 0.9575 0.96 0.96 0.96 0.9575 0.9575 0.9575
0.2025 0.2525 0.345 0.7875 0.9525 0.9575 0.9625 0.965 0.965 0.9625 0.9625 0.9625 0.9625 0.9625 0.96 0.96 0.96 0.96 0.96 0.96
0.25 0.665 0.6625 0.905 0.955 0.965 0.9675 0.97 0.9675 0.97 0.9675 0.965 0.965 0.965 0.965 0.9675 0.9675 0.9675 0.9675 0.965
0.25 0.3925 0.5 0.7725 0.9475 0.9575 0.9575 0.9575 0.96 0.96 0.9625 0.9625 0.96 0.96 0.96 0.96 0.96 0.96 0.96 0.96
0.28 0.2575 0.595 0.945 0.9625 0.965 0.965 0.975 0.975 0.9775 0.9775 0.9775 0.975 0.975 0.975 0.975 0.975 0.975 0.975 0.975
0.3625 0.2525 0.475 0.8875 0.9325 0.94 0.94 0.94 0.935 0.935 0.9375 0.9375 0.9325 0.9325 0.93 0.9325 0.93 0.93 0.93 0.93
0.255 0.41 0.49 0.8825 0.95 0.945 0.9475 0.945 0.945 0.945 0.945 0.945 0.9425 0.9475 0.95 0.95 0.95 0.95 0.95 0.95
0.25 0.25 0.2625 0.655 0.85 0.9575 0.955 0.955 0.9525 0.95 0.9525 0.9525 0.955 0.955 0.955 0.955 0.95 0.95 0.95 0.95
0.25 0.25 0.255 0.715 0.9425 0.955 0.955 0.95 0.95 0.945 0.9475 0.9475 0.9475 0.945 0.945 0.945 0.945 0.945 0.945 0.945

Test_auc:
0.5402833333333333 0.962175 0.9926666666666667 0.996125 0.9969833333333333 0.9978333333333333 0.9980833333333333 0.9981333333333333 0.9981083333333333 0.9979750000000001 0.998 0.9981083333333334 0.9980666666666667 0.9980416666666666 0.9980416666666667 0.9980249999999999 0.9979833333333332 0.9979583333333333 0.9979416666666666 0.9979416666666666
0.7432083333333334 0.9744583333333334 0.9913416666666667 0.9963333333333333 0.9982916666666666 0.9986583333333333 0.9986 0.9981416666666666 0.9978 0.9976499999999999 0.997675 0.9976416666666666 0.9975499999999999 0.9974500000000001 0.99745 0.9973833333333333 0.99735 0.997325 0.9972833333333333 0.9972333333333333
0.5508666666666666 0.9740333333333333 0.9905083333333333 0.9952583333333334 0.9969750000000001 0.9973166666666667 0.9973083333333334 0.9973083333333334 0.9973416666666667 0.9972333333333333 0.9971833333333333 0.9971916666666667 0.9972333333333333 0.9973333333333333 0.997475 0.997575 0.9975916666666667 0.9975999999999999 0.9975666666666666 0.9975416666666668
0.450525 0.9643666666666666 0.9921499999999999 0.99635 0.9974833333333334 0.9976750000000001 0.998025 0.998225 0.9983833333333333 0.9984416666666667 0.9984666666666666 0.998475 0.9984666666666666 0.9984250000000001 0.9983666666666666 0.998375 0.9983333333333333 0.9983 0.9982666666666666 0.9982500000000001
0.48730833333333334 0.9580666666666666 0.9920166666666667 0.9966583333333333 0.9977083333333333 0.9983166666666666 0.9986499999999999 0.9987583333333333 0.99885 0.9988333333333334 0.9987083333333333 0.9987333333333333 0.9987583333333334 0.9987666666666666 0.9987833333333334 0.9987833333333334 0.9987583333333334 0.9987583333333334 0.9987583333333333 0.9987666666666666
0.683625 0.9699000000000001 0.9908750000000001 0.9954749999999999 0.9967333333333334 0.99715 0.9978916666666666 0.998175 0.9983 0.99845 0.9986083333333333 0.9986583333333333 0.99875 0.9988 0.9988166666666667 0.9988416666666667 0.998825 0.998825 0.9988166666666667 0.9988166666666667
0.6783833333333333 0.9789666666666667 0.9941166666666668 0.9976 0.99805 0.9979750000000001 0.9979750000000001 0.9978333333333335 0.997725 0.9976583333333333 0.9976 0.9975333333333334 0.9975166666666667 0.997525 0.9974500000000001 0.9974333333333333 0.9974 0.9973833333333334 0.9973666666666667 0.99735
0.6726333333333333 0.9684666666666667 0.9903833333333334 0.9948416666666666 0.99675 0.9971916666666667 0.997325 0.9975166666666666 0.9976333333333333 0.9979416666666667 0.9977916666666666 0.9977416666666666 0.9977083333333333 0.99775 0.997775 0.9978083333333334 0.9978 0.9978333333333333 0.9978750000000001 0.9979083333333334
0.5730833333333334 0.9477749999999999 0.9916666666666667 0.9964083333333333 0.9972166666666668 0.9970416666666666 0.9936416666666666 0.992875 0.9913416666666666 0.9913166666666666 0.9912166666666666 0.9912333333333333 0.9912416666666667 0.991225 0.9912416666666666 0.9911916666666667 0.991175 0.9911833333333333 0.9911833333333333 0.9911833333333334
0.5700083333333333 0.9655833333333332 0.9903416666666667 0.9952583333333334 0.9971583333333333 0.9976499999999999 0.9977416666666667 0.9978666666666666 0.9978416666666667 0.9978 0.9977583333333333 0.9977916666666666 0.997775 0.997725 0.9976916666666666 0.9976333333333334 0.997625 0.9976083333333333 0.9975833333333333 0.9975583333333333

Test_f1:
0.1 0.32906403940886697 0.21235955056179778 0.3115620652974388 0.564230322813381 0.6828921278547433 0.7964687958396865 0.8068461245117523 0.8134883466134761 0.8110498992997219 0.820508875461897 0.823809737226966 0.833662310060046 0.8386117097269805 0.8439220947162154 0.8445695618248863 0.8463989800595246 0.8474083469845892 0.8494751459263883 0.8482472745965091
0.203125 0.2 0.2400560224089636 0.3270362635276248 0.5879477718337314 0.86748829447582 0.9320829045864891 0.9363165603138628 0.9345775696693249 0.9445622290804083 0.947981679878627 0.947981679878627 0.9478577237346552 0.9488319624969044 0.9510878370039604 0.9510878370039604 0.9522831427124507 0.9533800669369253 0.9533800669369253 0.9522831427124507
0.1 0.20040160642570282 0.23698630136986304 0.4597376829519686 0.6332546403913804 0.8514600738574645 0.8696439603488038 0.8762520849870052 0.8789257343675343 0.8802844996856904 0.8808583975455304 0.8853812612181784 0.8872850645471553 0.8885162277501495 0.8873692172218002 0.8913202450708153 0.895247415486889 0.9014449089450902 0.9065226313320827 0.9095274390243904
0.11201836077150551 0.2785714285714286 0.2208056619322313 0.5833893482108848 0.8485036869526343 0.9118491384781418 0.9280343015919239 0.9375005945357775 0.9502126083924711 0.953425961927655 0.9522429377656216 0.9534796366314245 0.9547370661720488 0.9547370661720488 0.9547370661720488 0.9547370661720488 0.9547370661720488 0.9547370661720488 0.9547370661720488 0.9547370661720488
0.1 0.2644736842105263 0.21574074074074076 0.25527950310559006 0.5196498677272277 0.8003977219759576 0.8182120743246328 0.8342444319018266 0.8399305461666834 0.844214640618819 0.8490133606194956 0.8518858305456789 0.8538197585413777 0.8637275315264445 0.8788918614109269 0.8893761297662597 0.8994570140377083 0.9020081646066148 0.903970231316883 0.9087192136778056
0.2280864197530864 0.20060362173038232 0.25950159537945794 0.49064687716854155 0.8020099626615527 0.8617860708908687 0.8998782817913386 0.9311365544165608 0.9481121616691708 0.9555627143717866 0.9670525309402578 0.9681809443909462 0.9692642915295697 0.9692642915295697 0.9705578238678781 0.9705245797657512 0.9716971326478863 0.9728811250703348 0.9728811250703348 0.9716257448694738
0.28632075471698115 0.2 0.2081305034508124 0.49417294477010476 0.6478387678915523 0.7971859818734792 0.8527479304219764 0.8668124824375039 0.8744176947356994 0.8811793344572141 0.8836874085990929 0.891613009850523 0.8912735984004316 0.8970591460994415 0.8987667088950633 0.9012499018481015 0.9021215894352702 0.9056825259615767 0.9053136995484548 0.9053136995484548
0.20943396226415095 0.2 0.20548523206751057 0.3242152466367713 0.5852223389251854 0.7668560380594613 0.7992811871994823 0.8156586723269674 0.8228964060683686 0.8315564245737954 0.8395134252795926 0.849424642023875 0.8582264301487167 0.8643924185566585 0.8693438940963693 0.8776721709758829 0.8815019848618342 0.8896009499766014 0.899619801993643 0.9046380076388858
0.2012526096033403 0.22195121951219512 0.25290519877675843 0.32972092195393166 0.5840777115772355 0.8251813537004393 0.895863581938529 0.9166877799827581 0.923564418535217 0.9275596694590771 0.9269087544940028 0.9292281156057639 0.9292281156057639 0.932595347616212 0.9312275939804798 0.9322653689908577 0.935436348189234 0.935729936777006 0.935729936777006 0.9346439817947763
0.2 0.2 0.20638297872340428 0.38029689608636974 0.6133901589309558 0.8715386487083787 0.8940406024523291 0.8938043580816579 0.8956109330320472 0.8938694206356876 0.890531693715113 0.895211161387632 0.8965586234493798 0.8965586234493798 0.8988771474607931 0.8976158968667294 0.8979717413695547 0.9001993097559042 0.9006025710002576 0.903336064892341

Os_mode: gsm, train_mode: preO

Test_acc:
0.285 0.29 0.615 0.955 0.9675 0.975 0.9775 0.9775 0.9775 0.975 0.975 0.975 0.9775 0.98 0.9775 0.9775 0.975 0.975 0.975 0.975
0.25 0.25 0.25 0.755 0.9475 0.9475 0.9475 0.9475 0.95 0.95 0.9525 0.955 0.955 0.955 0.955 0.955 0.9575 0.96 0.96 0.96
0.2575 0.25 0.25 0.4725 0.9 0.94 0.9575 0.9575 0.96 0.96 0.96 0.9675 0.9675 0.9675 0.9675 0.965 0.965 0.965 0.9625 0.9625
0.245 0.255 0.4925 0.935 0.975 0.9725 0.9725 0.9725 0.97 0.97 0.9675 0.965 0.965 0.965 0.965 0.9675 0.965 0.965 0.9625 0.9625
0.25 0.25 0.25 0.5175 0.885 0.9275 0.945 0.9575 0.9575 0.955 0.955 0.9575 0.9575 0.9575 0.955 0.9575 0.9575 0.96 0.96 0.96
0.25 0.2625 0.4675 0.725 0.83 0.95 0.96 0.9625 0.97 0.97 0.97 0.9675 0.9675 0.965 0.96 0.96 0.9575 0.955 0.955 0.955
0.2525 0.255 0.4675 0.8075 0.935 0.9625 0.9625 0.965 0.965 0.96 0.9625 0.965 0.965 0.9625 0.965 0.965 0.965 0.965 0.965 0.965
0.25 0.4975 0.495 0.78 0.95 0.96 0.97 0.97 0.9725 0.9725 0.97 0.9725 0.9725 0.9725 0.9725 0.9725 0.97 0.97 0.97 0.97
0.25 0.4825 0.595 0.7725 0.9325 0.9475 0.955 0.9575 0.9575 0.95 0.9525 0.9525 0.955 0.955 0.9575 0.955 0.955 0.955 0.955 0.955
0.25 0.27 0.47 0.8775 0.955 0.9675 0.965 0.9675 0.965 0.9625 0.965 0.9625 0.9625 0.9625 0.9625 0.96 0.96 0.96 0.96 0.96

Test_auc:
0.5656166666666667 0.9794583333333333 0.9944916666666666 0.9972666666666666 0.9983916666666667 0.9987166666666666 0.9989166666666667 0.9989916666666666 0.9991 0.9991333333333332 0.999175 0.9991916666666667 0.999225 0.9992416666666666 0.9992416666666666 0.999225 0.9992083333333334 0.9992083333333334 0.9992 0.9991833333333334
0.71475 0.9853999999999999 0.9954166666666667 0.9976583333333333 0.9981416666666667 0.9984 0.9986166666666666 0.9985666666666667 0.9986833333333334 0.9985916666666667 0.998475 0.998475 0.9984999999999999 0.998525 0.9985291666666667 0.9985166666666667 0.9985250000000001 0.9985333333333334 0.9985499999999999 0.9985499999999999
0.5231916666666667 0.9631458333333334 0.9888666666666667 0.9931833333333333 0.9956083333333332 0.9968166666666667 0.997225 0.9974000000000001 0.9975083333333333 0.997275 0.9972083333333333 0.9971083333333334 0.9971 0.9971416666666667 0.9971333333333334 0.9970749999999999 0.997075 0.9970416666666666 0.99705 0.9971333333333333
0.5156708333333333 0.9620249999999999 0.9910333333333332 0.9956583333333334 0.9967000000000001 0.9966833333333334 0.9965083333333333 0.9966250000000001 0.9967750000000001 0.9966583333333334 0.996825 0.9969416666666667 0.9970416666666666 0.9970666666666668 0.9970999999999999 0.9971749999999999 0.9973333333333333 0.997325 0.99735 0.9973666666666666
0.6592833333333332 0.98 0.9888166666666667 0.992475 0.9951333333333333 0.9964583333333333 0.9971916666666666 0.9974166666666667 0.997375 0.9973833333333333 0.9974083333333335 0.9973666666666667 0.9973083333333332 0.9972333333333334 0.997075 0.9970333333333334 0.9969833333333333 0.9969583333333334 0.9969250000000001 0.9969083333333333
0.5514083333333333 0.9535666666666667 0.987225 0.9936916666666666 0.9970083333333334 0.998425 0.9988833333333333 0.9989333333333333 0.9990666666666667 0.999125 0.9991416666666667 0.9991166666666667 0.9991 0.9991166666666668 0.9991083333333334 0.9990916666666666 0.999075 0.999075 0.9990833333333332 0.9990666666666667
0.6168333333333333 0.9538916666666666 0.9854416666666665 0.9949 0.9974416666666666 0.9976333333333334 0.9975583333333334 0.9974083333333333 0.9974666666666667 0.9974666666666665 0.9974833333333334 0.9974916666666667 0.9975083333333333 0.9974666666666667 0.9974416666666666 0.997475 0.9974583333333333 0.99745 0.9974583333333333 0.9974416666666666
0.5390250000000001 0.9741333333333333 0.9941333333333333 0.997775 0.9987666666666666 0.9990666666666667 0.9991749999999999 0.99925 0.99925 0.999275 0.9992416666666666 0.9992083333333334 0.9992249999999999 0.9992083333333333 0.9991666666666666 0.9991833333333333 0.9991749999999999 0.9991749999999999 0.9991583333333333 0.99915
0.41361666666666663 0.9323583333333333 0.9782666666666667 0.9892416666666667 0.9933666666666666 0.9956666666666667 0.99765 0.9979 0.9980333333333333 0.9980166666666667 0.9978666666666667 0.9978333333333333 0.9978666666666666 0.9978916666666666 0.9979166666666668 0.9979 0.9979 0.997925 0.9979499999999999 0.9979499999999999
0.7004083333333333 0.9755166666666666 0.99115 0.9944250000000001 0.9957916666666666 0.9963916666666667 0.9969000000000001 0.9973166666666666 0.9974333333333333 0.9974 0.9972666666666667 0.997275 0.9970916666666666 0.9971416666666667 0.9971166666666668 0.9970416666666666 0.9970416666666667 0.9969833333333334 0.9969583333333333 0.9969124999999999

Test_f1:
0.12573884448884448 0.24735589635113697 0.4329273597216181 0.44981036662452595 0.48622841610250733 0.9352518503244353 0.9507776419635552 0.9568804479767119 0.9642884847526887 0.9680548823437494 0.9691101161402346 0.9691387074950629 0.9726651722389724 0.9726057662099006 0.9713748642252298 0.9713748642252298 0.9713748642252298 0.9726562712604057 0.9726562712604057 0.9726562712604057
0.0 0.0 0.5678393720982856 0.7049198204563293 0.7684200897473517 0.9274923393368426 0.951639384683914 0.9568171950451367 0.9596678930474347 0.9584364266172096 0.958594882885974 0.9596616178236768 0.9596616178236768 0.9610250558690521 0.9621017139224542 0.9596317826509766 0.9596317826509766 0.9596317826509766 0.9596317826509766 0.9596317826509766
0.10612691466083152 0.18181818181818185 0.4180309007232084 0.703471064539176 0.7069558735837805 0.7108770445572475 0.9274775736577766 0.9474023856878517 0.9508924305945545 0.958621407944811 0.9622615374890904 0.9622615374890904 0.9623526477324849 0.9623526477324849 0.9623526477324849 0.9611214919535903 0.9634745711742487 0.9656741675369781 0.9656741675369781 0.9656741675369781
0.0 0.25567238516878804 0.46991978609625673 0.46465191581219645 0.4575485799701047 0.6358884495566738 0.8601873544380338 0.9310475257933136 0.9367762787257994 0.9420648877783272 0.9456274471118847 0.9426318937782259 0.9462879909771725 0.9486876130916809 0.9486876130916809 0.9486876130916809 0.9486876130916809 0.9486876130916809 0.9464625724846899 0.9452394526758379
0.0 0.13768115942028986 0.37555632900612423 0.6866161616161617 0.7020231383603477 0.6925030856034559 0.7010306334371755 0.7130167098285854 0.8658757468648495 0.9104010499780146 0.9258915835408373 0.9338280914773452 0.937918369540226 0.9430898624812383 0.946764772848884 0.9482178388180791 0.948423897544544 0.9498461298804185 0.9498461298804185 0.9512533121386646
0.0 0.1323529411764706 0.2378640776699029 0.23809523809523808 0.636970730321114 0.8172523301405289 0.9608378393773369 0.9651803891251127 0.9713013625761593 0.9701218062982768 0.9688782146024238 0.9700735203109141 0.9687669876475975 0.968804488585121 0.9676104587343748 0.9664282509613586 0.9676353913798339 0.9676353913798339 0.9676353913798339 0.9676353913798339
0.11829652996845427 0.2077922077922078 0.289317606290817 0.6221322537112011 0.6892013425260703 0.7077338627555034 0.7130826755979134 0.7186259263929167 0.7220408825591752 0.7233098536773925 0.7921462885765195 0.9145387960264981 0.9290631242763165 0.9393909257651178 0.9456337075486807 0.9530595971702573 0.9518281307400321 0.9546878882325968 0.9546878882325968 0.9562474292819452
0.1 0.1 0.119366971022045 0.31859115096937446 0.40015294904884813 0.631029883386524 0.8628615902107344 0.9245535526403319 0.9468344149724504 0.9537576726381694 0.9548244075758721 0.9557932634701564 0.9557932634701564 0.9557932634701564 0.9557932634701564 0.9579974602608459 0.9593328590109127 0.9619627769574727 0.9607965513532485 0.9607965513532485
0.19654471544715446 0.2524145052542064 0.2803744887525562 0.33667557932263814 0.3615754812563323 0.3804619895587499 0.41384432560903156 0.5961328976034859 0.6437520863469456 0.6576427135239095 0.6599258465112123 0.6680211812712694 0.6706805671304283 0.9222435296833664 0.9262197962855857 0.9307636385359196 0.9341592034067989 0.9374519969914707 0.9384711156576482 0.9394994990389727
0.0 0.11832061068702289 0.2510974539069359 0.44148164077200147 0.5001253317381231 0.783012254310669 0.9101269356160511 0.9395116747074848 0.9484974788132272 0.9493119884424233 0.9506191334730589 0.9542211291725691 0.9571094842400594 0.9597032912030229 0.9571690208695892 0.9571690208695892 0.9559437354337774 0.9559437354337774 0.9573490812590737 0.954981105249941

Os_mode: gsm, train_mode: noFT

Test_acc:
0.2075 0.71 0.92 0.9725 0.9775 0.975 0.975 0.9725 0.975 0.975 0.975 0.9725 0.9725 0.9725 0.9725 0.9725 0.9725 0.9725 0.9725 0.9725
0.375 0.345 0.49 0.825 0.915 0.93 0.94 0.9375 0.9475 0.9475 0.9475 0.95 0.945 0.945 0.945 0.945 0.9425 0.945 0.945 0.9475
0.25 0.7 0.725 0.785 0.905 0.935 0.9475 0.9525 0.9525 0.9525 0.9525 0.9525 0.9475 0.9475 0.9475 0.945 0.945 0.945 0.945 0.945
0.25 0.25 0.2825 0.6425 0.9 0.935 0.9525 0.955 0.955 0.955 0.955 0.955 0.9575 0.9575 0.9575 0.96 0.96 0.9625 0.9625 0.9625
0.25 0.475 0.4925 0.5425 0.82 0.9375 0.96 0.9625 0.9625 0.9625 0.9625 0.9625 0.9625 0.9625 0.9625 0.9625 0.9625 0.9625 0.9625 0.9625
0.25 0.41 0.5175 0.87 0.9675 0.9675 0.97 0.97 0.97 0.97 0.97 0.9725 0.9725 0.9725 0.97 0.97 0.97 0.97 0.9675 0.9675
0.25 0.39 0.52 0.955 0.975 0.9775 0.9775 0.9825 0.9825 0.98 0.98 0.9775 0.9775 0.9775 0.9775 0.9725 0.975 0.9725 0.9725 0.9725
0.25 0.25 0.3625 0.675 0.9325 0.9475 0.9525 0.9575 0.9525 0.95 0.95 0.9475 0.95 0.95 0.95 0.95 0.95 0.9525 0.9525 0.9525
0.245 0.46 0.485 0.865 0.9575 0.955 0.9575 0.96 0.96 0.96 0.9575 0.9575 0.9575 0.9575 0.9575 0.9575 0.9575 0.9575 0.9575 0.9575
0.25 0.25 0.5475 0.72 0.7775 0.945 0.9475 0.9525 0.96 0.9575 0.96 0.96 0.96 0.96 0.9625 0.9625 0.96 0.96 0.96 0.96

Test_auc:
0.5220416666666667 0.9532833333333333 0.9932416666666668 0.9970000000000001 0.99855 0.9989 0.9990416666666667 0.999 0.9988333333333335 0.9987416666666666 0.9986916666666666 0.9987083333333333 0.9987166666666667 0.9987333333333333 0.9987166666666667 0.9987333333333333 0.9987166666666667 0.9987333333333334 0.9987250000000001 0.9987333333333334
0.6497416666666667 0.9580583333333332 0.9866583333333334 0.9944583333333333 0.9959916666666667 0.9969166666666667 0.9971583333333334 0.9973166666666666 0.997275 0.9972000000000001 0.9972916666666668 0.997325 0.997325 0.997325 0.9972833333333333 0.9972416666666667 0.9972416666666667 0.99715 0.9971 0.9970916666666667
0.7487541666666666 0.9656083333333334 0.9864416666666667 0.9914499999999999 0.9934833333333333 0.9950416666666666 0.9963333333333333 0.9968666666666668 0.9971916666666667 0.9972249999999999 0.9973416666666666 0.9974083333333335 0.9974083333333333 0.9973416666666668 0.9973166666666666 0.9973333333333334 0.9973083333333332 0.9973 0.9972833333333333 0.9972916666666667
0.4086166666666667 0.9211166666666667 0.984475 0.9934083333333334 0.9958583333333334 0.9967166666666667 0.9966166666666667 0.9961833333333334 0.99595 0.9957333333333334 0.9957083333333333 0.995775 0.9958416666666665 0.9958416666666666 0.9958 0.9958666666666667 0.9959083333333334 0.9958999999999999 0.9958999999999999 0.9958833333333333
0.49984166666666674 0.9696750000000001 0.9935166666666666 0.997325 0.9979999999999999 0.9983666666666666 0.99845 0.9984500000000001 0.9985833333333333 0.9985583333333333 0.9985083333333333 0.9985583333333332 0.9985833333333334 0.9985499999999998 0.9985583333333333 0.9985833333333334 0.9985083333333333 0.998475 0.9984666666666666 0.9984500000000001
0.5243833333333334 0.9683833333333333 0.9918 0.9965583333333333 0.9971666666666666 0.9971083333333333 0.997275 0.9977916666666666 0.998025 0.998175 0.9980333333333333 0.9980166666666667 0.998 0.9980166666666666 0.9979833333333333 0.9981333333333332 0.9980833333333333 0.9980833333333333 0.9980666666666665 0.9980416666666667
0.6544125000000001 0.9715333333333334 0.9921416666666667 0.9962666666666666 0.9977333333333334 0.9980833333333333 0.9982916666666666 0.99845 0.9985583333333332 0.9988 0.9988333333333332 0.9988416666666666 0.9988166666666667 0.9988 0.998775 0.9988 0.9987916666666666 0.998825 0.9988083333333333 0.9987833333333332
0.5944291666666667 0.9772666666666666 0.9942166666666666 0.9976833333333334 0.9984833333333334 0.999 0.9992333333333334 0.999225 0.9992166666666666 0.9992 0.9991916666666666 0.999175 0.999225 0.9992 0.9991666666666666 0.9990833333333333 0.9990583333333333 0.9990416666666666 0.9990249999999999 0.9990166666666667
0.6196916666666666 0.9717749999999999 0.9928916666666666 0.9972000000000001 0.9980416666666667 0.9982916666666666 0.9984166666666666 0.9983500000000001 0.9984416666666667 0.9984333333333334 0.9984166666666667 0.998425 0.9984333333333334 0.9984583333333334 0.9984500000000001 0.9984833333333334 0.9984666666666666 0.9984583333333333 0.998475 0.998475
0.6571166666666667 0.9553166666666667 0.9864833333333334 0.9927916666666665 0.995425 0.9974833333333333 0.9983666666666666 0.998375 0.9983 0.9981666666666666 0.9980583333333333 0.9979583333333333 0.9980166666666666 0.9980333333333333 0.9979833333333332 0.9979583333333333 0.9979833333333334 0.9979833333333333 0.9979416666666667 0.9979416666666667

Test_f1:
0.07412606661161575 0.23497457235321312 0.44588235294117645 0.6887305799107829 0.8162981731845702 0.9589167005825203 0.9789113400029569 0.9777387871208219 0.9803017357219174 0.9814742886040524 0.9802674515024318 0.9803162230144816 0.9791436701323466 0.9791436701323466 0.9791436701323466 0.9804114186110484 0.9804114186110484 0.9804114186110484 0.9804003273038003 0.9804003273038003
0.1088888888888889 0.4198943661971831 0.44468450018387246 0.6606867807542846 0.6745132785676966 0.6970075158776382 0.6998270647498186 0.7092760180995475 0.7079145250333143 0.7512631488865253 0.8789591269810957 0.8987460814195742 0.9095363705951351 0.9113841163453199 0.9143932442878976 0.9179790159459584 0.9185675225171905 0.9237278362642665 0.9242468913072173 0.9253227443826356
0.0 0.21022727272727273 0.2554116737533823 0.8827854110729861 0.9503486890427774 0.9525486894926404 0.9580156408872375 0.9567363486825506 0.9567363486825506 0.9567363486825506 0.9554560482387133 0.9543107844586038 0.9543107844586038 0.9543107844586038 0.9531768040654907 0.9531768040654907 0.9531768040654907 0.9519576522995679 0.9519576522995679 0.9519576522995679
0.0049504950495049506 0.18478260869565216 0.39671229395105656 0.6759725400457666 0.7132848243586896 0.7099198163529294 0.7228630073279496 0.878591963986372 0.9204458224958162 0.9291493456820018 0.9339818421189486 0.9343853933699575 0.9343853933699575 0.935988262664695 0.9347691108987721 0.9374352601403539 0.9393383849485067 0.9393383849485067 0.9408696405781231 0.9408696405781231
0.1 0.10330578512396695 0.3682233566521712 0.3769828595762802 0.5966596801778257 0.7208991327645687 0.8918292739284038 0.9413315455968241 0.9490589152227084 0.9489804365845349 0.9501525890827589 0.9530385919687617 0.9508665254719774 0.9508665254719774 0.9508665254719774 0.9496551637342998 0.9496551637342998 0.9522220636434884 0.9522220636434884 0.9522220636434884
0.0 0.0 0.4469060351413292 0.7092592859303213 0.9416890064605385 0.950536877679247 0.9423351837038227 0.9471447179698786 0.9510029218984443 0.9540413759526272 0.955164677887307 0.9539455261213841 0.9564500014765878 0.9564500014765878 0.9553022270906066 0.9553022270906066 0.9565583228494361 0.9565583228494361 0.9565583228494361 0.9592897184379745
0.1002004008016032 0.22980571605847905 0.4614289929331165 0.6928313768010175 0.7049037792719686 0.8119320255912699 0.9358170457557403 0.9535549179021202 0.9623328061931931 0.9652523032303372 0.966884726534587 0.9656894208260969 0.9656894208260969 0.9644769656042727 0.9646139705882354 0.96600375901656 0.96600375901656 0.9660989427211097 0.9648320708290898 0.9649637504471312
0.038167938931297704 0.4083457083457084 0.4192655328250595 0.7236903493304996 0.7229890039695214 0.722705683701065 0.7183097421400229 0.721510083509769 0.7227659972784858 0.7193327939205001 0.7193327939205001 0.7193327939205001 0.8094967283467296 0.8596205637046728 0.8814949560826623 0.8967521487592097 0.8997947214031795 0.9057660589827974 0.9133880102023095 0.9152357559524944
0.10392561983471076 0.19387755102040816 0.5104502700437129 0.7050627858434012 0.7156637683143914 0.7226936687851839 0.7298278083373639 0.8798750405138913 0.9175603433709046 0.9327503920861591 0.9408579693770005 0.9455603096836613 0.9498040728298527 0.9527873840098852 0.9542893031610581 0.9557399801436499 0.9559807836097426 0.9559807836097426 0.9559807836097426 0.9573640568265267
0.0 0.35951417004048586 0.4134361384610107 0.4325396825396825 0.8558920112567971 0.9384556170861182 0.947904145419258 0.9524097658694446 0.9580683707239701 0.956884726534587 0.9567837164335768 0.9567837164335768 0.9567837164335768 0.9567837164335768 0.9570251118039782 0.9584149002323028 0.9596220406507783 0.9584149002323028 0.9597903609448716 0.9597903609448716
