
Os_mode: no, train_mode: 

Class AUC score:
0.9998 0.9971666666666666 0.9952 0.9950666666666668
0.9974666666666667 0.9986 0.9944666666666667 0.9988
0.9997 0.9988666666666667 0.9969333333333333 0.9989333333333333
0.9998666666666667 0.9995666666666666 0.9973666666666667 0.9994999999999999
0.9995666666666666 0.9991666666666668 0.9993666666666666 0.9996666666666666
1.0 0.9992666666666666 0.9963333333333333 0.9988
0.9998666666666666 0.9991666666666666 0.9930666666666667 0.9966
0.9999666666666667 0.9991 0.9845666666666667 0.9982666666666667
0.9999 0.9995333333333333 0.9978666666666667 0.999
0.9998666666666667 0.9995333333333334 0.9977666666666667 0.9990333333333333

Class F1 Score:
0.8583690987124464 0.6600660066006601 0.93 0.9319371727748691
0.7826086956521738 0.8097165991902835 0.9333333333333333 0.9543147208121826
0.9569377990430622 0.45045045045045046 0.9021739130434783 0.9746192893401014
0.8733624454148472 0.8298755186721991 0.9484536082474226 0.97
0.8583690987124464 0.8928571428571428 0.888888888888889 0.970873786407767
0.9569377990430622 0.8032128514056226 0.9393939393939393 0.9595959595959594
0.684931506849315 0.4716981132075471 0.92 0.925531914893617
0.6644518272425249 0.7299270072992701 0.9157894736842105 0.9587628865979382
0.6230529595015577 0.6451612903225806 0.9484536082474226 0.9587628865979382
0.5347593582887701 0.6493506493506493 0.9435897435897437 0.9368421052631579

Os_mode: up, train_mode: 

Class AUC score:
1.0 0.9977333333333334 0.9984000000000001 0.9993
0.9998666666666667 0.9992333333333334 0.9904333333333333 0.9981666666666666
0.9999 0.9973333333333333 0.9932000000000001 0.9973666666666666
0.9999333333333333 0.9995 0.9979666666666667 0.9992333333333333
0.9999666666666667 0.9988333333333334 0.9952666666666666 0.9983
0.9999 0.9996666666666667 0.9985333333333334 0.9984333333333334
0.9996666666666667 0.9999 0.9981333333333333 0.9991666666666666
1.0 0.9996333333333334 0.9973333333333333 0.997
0.9997 0.9985666666666667 0.9963 0.9974333333333333
0.9998666666666667 0.9992 0.9918 0.9966666666666666

Class F1 Score:
0.9950248756218906 0.5633802816901409 0.9696969696969697 0.9693877551020408
0.970873786407767 0.947867298578199 0.9353233830845772 0.8839779005524862
0.9852216748768473 0.8646288209606987 0.9417475728155339 0.964102564102564
0.9803921568627451 0.9216589861751151 0.9603960396039604 0.9746192893401014
0.9950248756218906 0.9565217391304348 0.9500000000000001 0.96
0.9852216748768473 0.8438818565400844 0.9702970297029702 0.9528795811518325
0.9753694581280788 0.8333333333333333 0.9644670050761421 0.98
0.9803921568627451 0.9615384615384615 0.9552238805970149 0.8764044943820225
0.9705882352941176 0.9519230769230769 0.9278350515463918 0.9381443298969071
0.975609756097561 0.9850746268656716 0.9346733668341709 0.9603960396039604

Os_mode: smote, train_mode: 

Class AUC score:
0.9999 0.9993666666666666 0.9932333333333334 0.9964333333333333
0.9998333333333332 0.9986666666666666 0.9928666666666667 0.9964000000000001
0.9993666666666666 0.9968333333333333 0.9973333333333334 0.9995666666666667
0.9999 0.9983666666666666 0.9961 0.9960666666666667
0.9998333333333334 0.9932000000000001 0.9964000000000001 0.9994
0.9998 0.9994666666666667 0.9946333333333333 0.9974666666666667
0.9994 0.9992333333333333 0.9960333333333333 0.9979333333333333
0.9997999999999999 0.9958333333333333 0.985 0.9952333333333333
0.9999666666666667 0.9993333333333333 0.9961666666666666 0.9984999999999999
0.9997333333333334 0.9988 0.9951 0.9983666666666667

Class F1 Score:
0.9803921568627451 0.9569377990430622 0.94 0.9644670050761421
0.9850746268656716 0.9565217391304348 0.9261083743842364 0.9319371727748691
0.9850746268656716 0.9514563106796116 0.9009009009009009 0.9583333333333334
0.9615384615384615 0.9473684210526316 0.9295774647887325 0.924731182795699
0.975609756097561 0.9644670050761421 0.9345794392523363 0.924731182795699
0.99 0.98 0.8968609865470852 0.9010989010989011
0.9705882352941176 0.9569377990430622 0.9245283018867924 0.888888888888889
0.8658008658008659 0.9295774647887325 0.8804347826086957 0.9100529100529101
0.966183574879227 0.9655172413793104 0.9658536585365853 0.9424083769633509
0.9615384615384615 0.9751243781094527 0.9109947643979057 0.9468599033816426

Os_mode: reweight, train_mode: 

Class AUC score:
0.9998333333333334 0.9983333333333334 0.9834999999999999 0.9983333333333333
1.0 0.9984999999999999 0.9933333333333334 0.9969666666666667
1.0 0.9995666666666667 0.9948666666666666 0.9983
1.0 0.9999666666666667 0.998 0.9987333333333333
0.9998 0.9996333333333333 0.9976333333333334 0.9991666666666666
0.9996333333333333 0.9999666666666667 0.9964333333333333 0.9979333333333333
0.9991 0.9982666666666667 0.9924333333333333 0.9916666666666667
0.9998666666666667 0.9963666666666666 0.9955 0.9962333333333333
0.9999666666666667 0.9996666666666666 0.9972333333333334 0.9975999999999999
0.9999666666666667 0.9998333333333334 0.9952 0.996

Class F1 Score:
0.98989898989899 0.9166666666666666 0.9157894736842105 0.964102564102564
0.9949748743718593 0.9295774647887325 0.9137055837563451 0.9361702127659575
1.0 0.9615384615384615 0.9285714285714285 0.9547738693467336
0.9950248756218906 0.9615384615384615 0.9381443298969071 0.9591836734693877
0.9795918367346939 0.9523809523809523 0.9509803921568627 0.9533678756476685
0.9849246231155778 0.9847715736040609 0.9468599033816426 0.9533678756476685
0.9849246231155778 0.9565217391304348 0.92 0.9543147208121826
0.99009900990099 0.937799043062201 0.8950276243093923 0.9423076923076924
0.99009900990099 0.975609756097561 0.9326424870466321 0.9538461538461539
0.9852216748768473 0.7782101167315175 0.8864864864864864 0.9424083769633509

Os_mode: embed_sm, train_mode: 

Class AUC score:
0.9997666666666666 0.9983333333333334 0.9921333333333333 0.9981333333333334
0.9999333333333333 0.9991666666666668 0.9968 0.9988666666666667
0.9997666666666667 0.9996333333333333 0.9983666666666666 0.9991333333333333
0.9999666666666667 0.9992666666666666 0.9919666666666667 0.9988666666666666
0.9998 0.9998666666666667 0.9938666666666666 0.9976666666666667
0.9996666666666667 0.9994333333333334 0.9953333333333333 0.9898333333333333
0.9999666666666667 0.9994 0.9942666666666666 0.9968666666666667
0.9996666666666666 0.9988333333333332 0.9973333333333333 0.9979333333333333
0.9999 0.9965999999999999 0.9977 0.9996666666666667
1.0 0.9998666666666667 0.9959333333333333 0.9982333333333334

Class F1 Score:
0.970873786407767 0.9560975609756097 0.8969072164948454 0.94
0.975609756097561 0.9702970297029702 0.9206349206349206 0.970873786407767
0.99009900990099 0.9849246231155778 0.9484536082474226 0.9611650485436893
0.99009900990099 0.9705882352941176 0.94 0.964102564102564
0.9705882352941176 0.970873786407767 0.8961748633879781 0.9473684210526316
0.9803921568627451 0.9702970297029702 0.9278350515463918 0.9543147208121826
0.9803921568627451 0.9705882352941176 0.9081632653061226 0.9381443298969071
0.970873786407767 0.98 0.9206349206349206 0.9339622641509434
0.99009900990099 0.9751243781094527 0.9375 0.9658536585365853
0.9569377990430622 0.99 0.922279792746114 0.9435897435897437

Os_mode: gsm, train_mode: pret

Class AUC score:
0.9998999999999999 0.9986666666666667 0.9916 0.9956666666666666
0.9999666666666667 0.9996666666666667 0.9901333333333333 0.9987333333333334
0.9997333333333334 0.9995 0.9944666666666666 0.9997333333333333
1.0 0.9995 0.9968333333333333 0.9977
0.9999333333333333 0.9993666666666666 0.9920666666666667 0.9963333333333333
1.0 0.9994 0.9983666666666667 0.9986666666666667
0.9998666666666667 0.9975333333333334 0.9933666666666667 0.9977666666666666
0.9998666666666666 0.9997 0.9963666666666666 0.9980333333333333
0.9999 0.9988666666666667 0.9924 0.9963333333333334
0.9999 0.9989333333333333 0.996 0.998

Class F1 Score:
0.9852216748768473 0.9295774647887325 0.9313725490196078 0.0
0.99009900990099 0.9565217391304348 0.9145728643216081 0.9528795811518325
0.975609756097561 0.9850746268656716 0.9797979797979798 0.9743589743589743
0.9950248756218906 0.9658536585365853 0.9603960396039604 0.9473684210526316
0.970873786407767 0.9801980198019802 0.9365853658536586 0.8372093023255813
1.0 0.9801980198019802 0.9389671361502347 0.8636363636363636
0.975609756097561 0.9753694581280788 0.9207920792079208 0.0
0.99 0.9797979797979798 0.9295774647887325 0.9591836734693877
0.9852216748768473 0.9603960396039604 0.9245283018867924 0.9424083769633509
0.99 0.9607843137254902 0.9238095238095237 0.9417989417989417

Os_mode: gsm, train_mode: preo

Class AUC score:
1.0 0.9997666666666667 0.9978666666666667 0.9980666666666667
0.9997999999999999 0.9988 0.9818666666666667 0.9970333333333333
0.9999666666666667 0.9991 0.9974333333333333 0.9987333333333333
0.9999 0.9994999999999999 0.9942666666666666 0.9988
0.9997333333333333 0.9975666666666667 0.9909333333333333 0.9955
0.9998666666666667 0.9987666666666667 0.9965666666666667 0.9991333333333334
1.0 0.9995333333333333 0.9975666666666666 0.9986
0.9997333333333333 0.9984333333333333 0.9957666666666667 0.9991666666666666
0.9998666666666667 0.9977333333333332 0.9908333333333333 0.9972666666666666
1.0 0.9965666666666666 0.9976 0.9974

Class F1 Score:
0.99009900990099 0.5763688760806917 0.9603960396039604 0.888888888888889
0.975609756097561 0.7352941176470588 0.8947368421052632 0.7730061349693252
0.9803921568627451 0.9428571428571428 0.9556650246305418 0.9263157894736842
0.975609756097561 0.6896551724137931 0.888888888888889 0.888888888888889
0.975609756097561 0.7722007722007722 0.8911917098445595 0.9148936170212766
0.9852216748768473 0.8771929824561403 0.9346733668341709 0.9479166666666667
0.970873786407767 0.8333333333333333 0.9484536082474226 0.8636363636363636
0.9705882352941176 0.851063829787234 0.9109947643979057 0.97
0.9803921568627451 0.9090909090909091 0.9166666666666666 0.8165680473372781
0.9852216748768473 0.9565217391304348 0.9494949494949495 0.9479166666666667

Os_mode: gsm, train_mode: preT

Class AUC score:
0.9999 0.9973333333333333 0.9968999999999999 0.9976333333333334
0.9997333333333333 0.999 0.9907333333333334 0.9994666666666666
0.9998 0.9985666666666666 0.9939333333333333 0.9978666666666667
0.9999666666666667 0.9986999999999999 0.9958 0.9985333333333334
0.9996999999999999 0.9985666666666666 0.9972333333333333 0.9995666666666667
0.9999 0.9996999999999999 0.9972 0.9984666666666667
0.9999333333333333 0.9975999999999999 0.9945333333333333 0.9973333333333334
0.9996333333333334 0.9989666666666667 0.9954000000000001 0.9976333333333334
0.9999 0.9991666666666666 0.9679 0.9977666666666667
0.9998 0.9978333333333333 0.9945666666666666 0.9980333333333333

Class F1 Score:
0.975609756097561 0.5291005291005291 0.9452736318407959 0.9430051813471503
0.9345794392523363 0.9753694581280788 0.94 0.9591836734693877
0.975609756097561 0.7812500000000001 0.9333333333333333 0.9479166666666667
0.970873786407767 0.9473684210526316 0.9468599033816426 0.9538461538461539
0.966183574879227 0.7462686567164178 0.9375 0.9849246231155778
0.9852216748768473 0.9705882352941176 0.9702970297029702 0.9603960396039604
0.970873786407767 0.8547008547008548 0.853932584269663 0.9417475728155339
0.9523809523809523 0.8032128514056226 0.9021739130434783 0.9607843137254902
0.9259259259259259 0.9252336448598131 0.9326424870466321 0.9547738693467336
0.9803921568627451 0.7874015748031497 0.9019607843137256 0.9435897435897437

Os_mode: gsm, train_mode: preO

Class AUC score:
0.9997999999999999 0.9994666666666667 0.9985333333333334 0.9989333333333333
0.9999 0.9997666666666666 0.9972000000000001 0.9973333333333333
0.9997 0.9992666666666666 0.9910666666666667 0.9984999999999999
0.9999333333333333 0.9996666666666667 0.9912333333333333 0.9986333333333333
0.9998666666666667 0.9936 0.9958 0.9983666666666667
0.9999 0.9993333333333333 0.9982333333333333 0.9988
1.0 0.9947666666666667 0.9962333333333333 0.9987666666666667
0.9997666666666667 0.9993 0.9982333333333333 0.9993
0.9999666666666667 0.9995333333333333 0.996 0.9963
0.9999333333333333 0.9996666666666667 0.9916166666666666 0.9964333333333333

Class F1 Score:
0.98 0.975609756097561 0.9603960396039604 0.9746192893401014
0.9852216748768473 0.9746192893401014 0.9302325581395349 0.9484536082474226
0.99 0.98 0.9282296650717704 0.9644670050761421
0.98989898989899 0.9389671361502347 0.9371980676328503 0.9148936170212766
0.99009900990099 0.9514563106796116 0.9216589861751151 0.9417989417989417
0.9850746268656716 0.9801980198019802 0.9547738693467336 0.9504950495049505
0.99009900990099 0.9565217391304348 0.9359605911330049 0.9424083769633509
0.9797979797979798 0.9433962264150945 0.9603960396039604 0.9595959595959594
0.98989898989899 0.9090909090909091 0.9326923076923077 0.9263157894736842
0.9850746268656716 0.970873786407767 0.9320388349514563 0.9319371727748691

Os_mode: gsm, train_mode: noFT

Class AUC score:
0.9998 0.9964666666666667 0.9990666666666667 0.9995999999999999
0.9999666666666667 0.9956666666666667 0.9942333333333333 0.9985
0.9994999999999999 0.9992333333333333 0.993 0.9974333333333333
0.9993666666666666 0.9928666666666666 0.9938 0.9974999999999999
0.9998666666666666 0.9986 0.9974000000000001 0.9979333333333333
0.9998333333333332 0.9995333333333333 0.9952333333333334 0.9975666666666666
1.0 0.9987666666666667 0.9975333333333334 0.9988333333333334
0.9999666666666667 0.9998333333333332 0.9974333333333333 0.9988333333333334
0.9999333333333333 0.9997666666666667 0.9961 0.9981
0.9995666666666666 0.9988666666666667 0.9957333333333334 0.9976

Class F1 Score:
0.98989898989899 0.9949748743718593 0.9658536585365853 0.970873786407767
0.9615384615384615 0.9252336448598131 0.8439306358381503 0.9705882352941176
0.9801980198019802 0.9603960396039604 0.916256157635468 0.9509803921568627
0.9753694581280788 0.9565217391304348 0.8852459016393442 0.9463414634146342
0.9803921568627451 0.9658536585365853 0.9214659685863875 0.9411764705882353
0.99009900990099 0.9850746268656716 0.9292929292929293 0.9326923076923077
0.9950248756218906 0.9705882352941176 0.9381443298969071 0.9560975609756097
0.9852216748768473 0.966183574879227 0.787878787878788 0.9216589861751151
0.99009900990099 0.947867298578199 0.9263157894736842 0.9651741293532338
0.970873786407767 0.9753694581280788 0.9381443298969071 0.9547738693467336
