
Im_ratio: [0.1, 0.1, 0.5, 0.6]

Os_mode: no, train_mode: 

Test_acc:
0.16666666666666666 0.16666666666666666 0.16666666666666666 0.16666666666666666 0.16666666666666666 0.16666666666666666 0.16666666666666666 0.16666666666666666 0.16666666666666666 0.16666666666666666 0.16666666666666666 0.16666666666666666 0.16666666666666666 0.16666666666666666 0.16666666666666666 0.16666666666666666 0.16666666666666666 0.16666666666666666 0.16666666666666666 0.16666666666666666 0.16666666666666666 0.16666666666666666 0.16666666666666666 0.16666666666666666 0.16666666666666666 0.16666666666666666 0.16666666666666666 0.16666666666666666 0.16666666666666666 0.16666666666666666 0.16666666666666666 0.16666666666666666 0.16666666666666666 0.1661904761904762 0.1661904761904762 0.1661904761904762 0.16666666666666666 0.165 0.16380952380952382 0.16095238095238096 0.18928571428571428
0.16666666666666666 0.16666666666666666 0.16666666666666666 0.16666666666666666 0.16666666666666666 0.16666666666666666 0.16666666666666666 0.16666666666666666 0.16666666666666666 0.16666666666666666 0.16666666666666666 0.16666666666666666 0.16666666666666666 0.16666666666666666 0.16666666666666666 0.16666666666666666 0.16666666666666666 0.16666666666666666 0.16666666666666666 0.16666666666666666 0.16666666666666666 0.16666666666666666 0.16666666666666666 0.16666666666666666 0.1792857142857143 0.18047619047619048 0.18119047619047618 0.18214285714285713 0.17976190476190476 0.1854761904761905 0.18642857142857142 0.18619047619047618 0.19 0.1919047619047619 0.18833333333333332 0.18833333333333332 0.18833333333333332 0.18880952380952382 0.18880952380952382 0.18880952380952382 0.19404761904761905
0.16666666666666666 0.16666666666666666 0.16666666666666666 0.16666666666666666 0.16 0.16666666666666666 0.16666666666666666 0.16666666666666666 0.16666666666666666 0.16666666666666666 0.16666666666666666 0.16642857142857143 0.16452380952380952 0.15880952380952382 0.15738095238095237 0.1554761904761905 0.1611904761904762 0.16095238095238096 0.16071428571428573 0.17 0.1854761904761905 0.18785714285714286 0.17595238095238094 0.17452380952380953 0.17404761904761903 0.17476190476190476 0.1742857142857143 0.17285714285714285 0.1707142857142857 0.1676190476190476 0.16785714285714284 0.17095238095238094 0.16666666666666666 0.16738095238095238 0.16785714285714284 0.1680952380952381 0.1676190476190476 0.1676190476190476 0.16857142857142857 0.1680952380952381 0.19285714285714287

Test_auc:
0.5117162244897959 0.5381581632653062 0.5438604421768708 0.5334949659863946 0.530637925170068 0.5240016666666666 0.5255362925170068 0.5277140476190476 0.5293264625850341 0.5343137074829932 0.5340547278911565 0.5342475170068027 0.5347689455782313 0.5349988095238095 0.5353415306122448 0.5357837074829932 0.5363349999999999 0.537026462585034 0.5376311904761905 0.5380988775510205 0.5385653741496599 0.5387501700680272 0.5391483673469387 0.5395618367346938 0.5402168707482994 0.5417553061224489 0.5441758843537415 0.5464431632653061 0.5491645238095239 0.5526348299319728 0.5565909863945578 0.5564332993197277 0.561127074829932 0.5658948299319728 0.568477380952381 0.5721886394557822 0.573589455782313 0.5730996258503401 0.5699052721088436 0.5278993197278912 0.5762694217687075
0.5091972448979591 0.51189 0.5132877210884353 0.5124905102040817 0.5136742517006803 0.5155480272108844 0.5196451020408163 0.5242817006802721 0.5333094557823129 0.544862619047619 0.5596454761904762 0.5734214285714286 0.5882928571428572 0.6007991836734694 0.6101272108843537 0.6136038095238096 0.6167661224489795 0.6192631972789115 0.6218320408163265 0.6209369727891157 0.6079946938775511 0.5867238775510205 0.5838150340136053 0.5832430612244898 0.5858732993197279 0.5829160204081633 0.5822009863945578 0.5816166666666667 0.5800095578231294 0.5815219387755102 0.5813384693877551 0.5820767346938776 0.6030564285714286 0.5882890136054423 0.5829029931972789 0.5801510204081632 0.5795708843537415 0.5794943197278911 0.5794434013605442 0.5786360544217688 0.6223927210884354
0.49783731292517003 0.5038736734693877 0.5098889455782313 0.5099877210884354 0.5104112925170069 0.5232130272108843 0.5220277891156463 0.5179291836734694 0.5361368027210883 0.533352925170068 0.5291022789115646 0.5282359863945579 0.5192157823129252 0.5054619727891155 0.49458408163265305 0.49470003401360546 0.4971457142857143 0.4997437074829931 0.49937295918367347 0.5069851020408164 0.5133992857142857 0.5183438095238094 0.5157877210884354 0.5155341496598639 0.5192455442176871 0.518714761904762 0.5179875170068028 0.5181805102040816 0.5176791836734694 0.5176850340136054 0.5182515646258503 0.5195541156462585 0.5183204761904762 0.5190160544217687 0.5169627210884354 0.515786462585034 0.5166732993197279 0.5175285034013605 0.5171319047619048 0.5177497278911564 0.5361932993197279

Test_f1:
0.28571428571428564 0.28571428571428564 0.28571428571428564 0.28571428571428564 0.28571428571428564 0.28571428571428564 0.28571428571428564 0.28571428571428564 0.28571428571428564 0.28571428571428564 0.28571428571428564 0.28571428571428564 0.28571428571428564 0.28571428571428564 0.28571428571428564 0.28571428571428564 0.28571428571428564 0.28571428571428564 0.28571428571428564 0.28571428571428564 0.28571428571428564 0.28571428571428564 0.28571428571428564 0.28571428571428564 0.28571428571428564 0.28571428571428564 0.28571428571428564 0.28571428571428564 0.286548488008342 0.2873826903023983 0.2873826903023983 0.2873826903023983 0.2873826903023983 0.2873244476250112 0.2873244476250112 0.29023296725221115 0.29074185159007165 0.29070846663809474 0.2926332788467409 0.28677577673666327 0.2947829462426768
0.28571428571428564 0.28571428571428564 0.28571428571428564 0.28571428571428564 0.28571428571428564 0.28571428571428564 0.28571428571428564 0.28571428571428564 0.28571428571428564 0.28571428571428564 0.28571428571428564 0.2846130477709425 0.28571428571428564 0.28571428571428564 0.28571428571428564 0.28571428571428564 0.28571428571428564 0.28636444234292807 0.2898895407219491 0.2937311924287322 0.29587876547773057 0.2930982135266756 0.29229441587860916 0.2922377714621482 0.294967099168563 0.2949351279642598 0.2949706469305969 0.29471022981133965 0.2942011342911118 0.29513791007989926 0.29337096810437197 0.2934995149698504 0.3006023016744788 0.2932813442068085 0.29642121807209004 0.30031431170536266 0.3011586526357975 0.3031965964909043 0.30531588406893423 0.3063261341362277 0.30991652073750636
0.28571428571428564 0.28571428571428564 0.28571428571428564 0.28571428571428564 0.28571428571428564 0.28571428571428564 0.28571428571428564 0.28571428571428564 0.28571428571428564 0.28571428571428564 0.28571428571428564 0.28571428571428564 0.28571428571428564 0.28571428571428564 0.28571428571428564 0.28571428571428564 0.28571428571428564 0.28571428571428564 0.28571428571428564 0.28571428571428564 0.28571428571428564 0.28571428571428564 0.28571428571428564 0.28571428571428564 0.28571428571428564 0.28571428571428564 0.28571428571428564 0.28571428571428564 0.28571428571428564 0.28571428571428564 0.2866624525916561 0.28688360643126387 0.2868810379427824 0.2868457958819404 0.2865245690786343 0.28682457438934117 0.28683620044876584 0.28710749115850387 0.286563980185848 0.28667208819011475 0.2879754138101771

Class AUC Score:
0.6132369387755101 0.5154204081632653 0.49198489795918365 0.5524197959183674 0.5185983673469388 0.5496408163265306
0.5295922448979591 0.5750030612244899 0.5943477551020409 0.5296240816326531 0.5974965306122448 0.6891761224489796
0.5344773469387756 0.5342471428571429 0.5095683673469388 0.5150716326530612 0.49041 0.5316987755102041

Class F1 Score:
0.2857142857142857 0.2857142857142857 0.2857142857142857 0.2857142857142857 0.2857142857142857 0.2857142857142857
0.2857142857142857 0.2857142857142857 0.2983450464747223 0.2857142857142857 0.2857142857142857 0.32860040567951315
0.2857142857142857 0.2857142857142857 0.2857142857142857 0.2857142857142857 0.2857142857142857 0.2857142857142857

Os_mode: up, train_mode: 

Test_acc:
0.16666666666666666 0.16666666666666666 0.16666666666666666 0.16666666666666666 0.16666666666666666 0.16666666666666666 0.16666666666666666 0.16666666666666666 0.16666666666666666 0.16666666666666666 0.16666666666666666 0.16666666666666666 0.16666666666666666 0.16666666666666666 0.16738095238095238 0.15095238095238095 0.16857142857142857 0.17595238095238094 0.18023809523809523 0.18785714285714286 0.1992857142857143 0.20523809523809525 0.20642857142857143 0.21166666666666667 0.21571428571428572 0.21833333333333332 0.22095238095238096 0.21261904761904762 0.2123809523809524 0.21071428571428572 0.20976190476190476 0.20642857142857143 0.205 0.2069047619047619 0.20761904761904762 0.20785714285714285 0.20595238095238094 0.20642857142857143 0.20714285714285716 0.20833333333333334 0.22095238095238096
0.16666666666666666 0.16666666666666666 0.16666666666666666 0.16666666666666666 0.16666666666666666 0.16666666666666666 0.16666666666666666 0.16666666666666666 0.16666666666666666 0.16666666666666666 0.16666666666666666 0.16666666666666666 0.16666666666666666 0.16666666666666666 0.16666666666666666 0.16666666666666666 0.16666666666666666 0.16666666666666666 0.16666666666666666 0.16666666666666666 0.16666666666666666 0.16666666666666666 0.16666666666666666 0.16666666666666666 0.16666666666666666 0.16666666666666666 0.16666666666666666 0.16666666666666666 0.16666666666666666 0.16666666666666666 0.17047619047619048 0.1711904761904762 0.1738095238095238 0.1730952380952381 0.17642857142857143 0.1773809523809524 0.17833333333333334 0.1788095238095238 0.17809523809523808 0.17904761904761904 0.18047619047619048
0.16666666666666666 0.16666666666666666 0.16666666666666666 0.16666666666666666 0.16666666666666666 0.16666666666666666 0.16666666666666666 0.16666666666666666 0.16666666666666666 0.16666666666666666 0.16666666666666666 0.16666666666666666 0.16666666666666666 0.16666666666666666 0.16666666666666666 0.16666666666666666 0.16666666666666666 0.16666666666666666 0.16666666666666666 0.16785714285714284 0.1980952380952381 0.20761904761904762 0.20904761904761904 0.2088095238095238 0.21119047619047618 0.2123809523809524 0.21023809523809525 0.20714285714285716 0.20833333333333334 0.2073809523809524 0.20595238095238094 0.20595238095238094 0.2061904761904762 0.20595238095238094 0.20547619047619048 0.20547619047619048 0.2042857142857143 0.2073809523809524 0.20666666666666667 0.20523809523809525 0.215

Test_auc:
0.5015371428571429 0.514473231292517 0.5244232993197279 0.535125850340136 0.5461352040816326 0.5580607482993197 0.570487619047619 0.5825105782312925 0.5882279251700681 0.5858958163265306 0.5866612925170068 0.5824740136054422 0.5801475170068028 0.5832507482993198 0.5854040476190475 0.5949565986394557 0.6016779931972789 0.6039 0.6068263945578231 0.607488469387755 0.6102603401360545 0.610945238095238 0.6102885714285714 0.6095367346938776 0.6076491836734693 0.603801530612245 0.5990044217687074 0.5939427210884354 0.5867787074829932 0.5804284693877549 0.5733119047619047 0.5694228571428571 0.5642072448979591 0.5580770408163266 0.5569652380952381 0.5557177210884354 0.5540581972789117 0.5534309863945578 0.5528338095238096 0.5523190136054421 0.6150100680272109
0.5122331972789115 0.527189387755102 0.5377715986394557 0.5504957823129252 0.5627436734693878 0.575493843537415 0.587440612244898 0.5988401700680273 0.6054996258503402 0.6028957482993197 0.606121156462585 0.598635850340136 0.5704477891156463 0.5692740476190478 0.5764721428571429 0.5848080952380953 0.5917630272108845 0.5965565646258504 0.6026561904761905 0.6062003061224489 0.6089570068027211 0.6108006462585034 0.6117487414965986 0.6127708843537415 0.612640306122449 0.612887074829932 0.6114757482993197 0.6110168367346939 0.6123553401360543 0.6134811224489796 0.6121067346938776 0.6119342517006803 0.6080058503401361 0.6070369727891157 0.6020860884353741 0.6002588095238096 0.5991449999999999 0.5971663265306123 0.595754761904762 0.5933986054421769 0.6153875510204082
0.4997890816326531 0.5133955782312926 0.5247763605442177 0.5369985714285715 0.5496050340136054 0.5628770408163265 0.5747224489795919 0.587792006802721 0.6002590816326531 0.6074884353741496 0.6090524489795919 0.6180807482993197 0.6251873469387755 0.6251859523809523 0.6148990476190476 0.6100756122448979 0.6122806462585034 0.6013951020408164 0.5871681292517007 0.5788174149659864 0.568823843537415 0.5613763945578232 0.5568999319727891 0.5552335714285713 0.5526476870748299 0.5616086394557823 0.5552472108843537 0.5525841496598639 0.5530754421768708 0.5539157482993197 0.5532844897959185 0.5535410884353742 0.5530928571428572 0.5514996598639456 0.5518931972789116 0.5508977210884355 0.5513135374149659 0.5478936734693877 0.5517535034013605 0.5502717346938776 0.626489149659864

Test_f1:
0.28571428571428564 0.28571428571428564 0.28571428571428564 0.28571428571428564 0.28571428571428564 0.28571428571428564 0.28571428571428564 0.28571428571428564 0.28571428571428564 0.28571428571428564 0.28571428571428564 0.2876016921575008 0.28631357448072386 0.29569464352073044 0.28812484141080946 0.286548488008342 0.286548488008342 0.286548488008342 0.286548488008342 0.28655859506923337 0.28660919368791576 0.2916804342866979 0.3002550178215953 0.3076459950760007 0.31378740757102447 0.3144738208913685 0.31473947177250816 0.3118072745324128 0.306699363902411 0.30225791880978686 0.30131156755229954 0.299723986491034 0.295550612736542 0.29149465776441974 0.2912180109122051 0.28763736981823795 0.29003674409648933 0.29008385406418163 0.28992100017296324 0.29056322572157933 0.31553797488079954
0.28571428571428564 0.28571428571428564 0.28571428571428564 0.28571428571428564 0.28571428571428564 0.28571428571428564 0.28571428571428564 0.28571428571428564 0.28571428571428564 0.28571428571428564 0.28571428571428564 0.28573372999669444 0.28571428571428564 0.28571428571428564 0.28571428571428564 0.28571428571428564 0.28571428571428564 0.28571428571428564 0.28571428571428564 0.2909821861786927 0.2926147926147926 0.29310372705958443 0.294992066402606 0.2955328388953304 0.29556777674957013 0.2950904840037744 0.2945009786988584 0.29577611967720263 0.2962921807037793 0.29722027430068537 0.29444146671327176 0.2953254256820567 0.2928426532878324 0.2907906777311448 0.28939885025514395 0.2917243253448248 0.29372120688743025 0.29456248145448566 0.29607403055078857 0.2966002742829851 0.2981302868414574
0.28571428571428564 0.28571428571428564 0.28571428571428564 0.28571428571428564 0.28571428571428564 0.2878917220304593 0.289091254031493 0.29042309412027717 0.29164754084425626 0.29155761855381623 0.29017331314151096 0.29221368601899567 0.2923675512148545 0.29587461379936436 0.2960703203610789 0.2962345854830734 0.2985538840935558 0.3076746691949596 0.31095369214743246 0.3123217801617594 0.3089440605022208 0.30511875321623855 0.30377861320952293 0.30102510870191684 0.2982289078237701 0.30354141930442846 0.2990315304014732 0.2987507426354883 0.2987618414283366 0.29847822059728774 0.2996553517305817 0.2995997741198488 0.3000040613308472 0.29862765205191155 0.2980406831962226 0.2978214623170084 0.29789009200178956 0.2975765170546795 0.2977963399059675 0.29728687711790563 0.31291803870882084

Class AUC Score:
0.6267597959183673 0.5838330612244897 0.5056136734693878 0.5959669387755102 0.5943342857142858 0.7393873469387755
0.668709387755102 0.44061387755102044 0.6351263265306123 0.5937104081632654 0.6234177551020409 0.7142640816326531
0.49545612244897963 0.5341032653061224 0.5873820408163266 0.5297755102040816 0.489874081632653 0.6792951020408163

Class F1 Score:
0.31530139103554866 0.2857142857142857 0.2857142857142857 0.294308591214023 0.3016858917480036 0.4
0.2857142857142857 0.2857142857142857 0.28606456885982834 0.30584106292303836 0.32435817157169694 0.2857142857142857
0.2857142857142857 0.2857142857142857 0.2982456140350877 0.2838340486409156 0.2857142857142857 0.3501509271237602

Os_mode: smote, train_mode: 

Test_acc:
0.16666666666666666 0.16666666666666666 0.16666666666666666 0.16666666666666666 0.16666666666666666 0.16666666666666666 0.16666666666666666 0.16666666666666666 0.16666666666666666 0.16666666666666666 0.16666666666666666 0.16666666666666666 0.16666666666666666 0.16666666666666666 0.16666666666666666 0.16666666666666666 0.16666666666666666 0.16666666666666666 0.16666666666666666 0.16714285714285715 0.16833333333333333 0.16976190476190475 0.1719047619047619 0.1757142857142857 0.17142857142857143 0.1707142857142857 0.17809523809523808 0.1761904761904762 0.17785714285714285 0.17785714285714285 0.1792857142857143 0.1792857142857143 0.18095238095238095 0.18071428571428572 0.18285714285714286 0.1838095238095238 0.1838095238095238 0.18571428571428572 0.18619047619047618 0.1854761904761905 0.19047619047619047
0.16666666666666666 0.16666666666666666 0.16666666666666666 0.16666666666666666 0.16666666666666666 0.16666666666666666 0.16666666666666666 0.16666666666666666 0.16666666666666666 0.16666666666666666 0.16666666666666666 0.16666666666666666 0.16666666666666666 0.16666666666666666 0.16666666666666666 0.16666666666666666 0.16666666666666666 0.16666666666666666 0.16666666666666666 0.16666666666666666 0.16666666666666666 0.16666666666666666 0.16666666666666666 0.16666666666666666 0.16666666666666666 0.16666666666666666 0.16666666666666666 0.16666666666666666 0.16666666666666666 0.16666666666666666 0.16666666666666666 0.17547619047619048 0.17976190476190476 0.185 0.18666666666666668 0.18833333333333332 0.18976190476190477 0.18976190476190477 0.18785714285714286 0.19023809523809523 0.19428571428571428
0.16666666666666666 0.16666666666666666 0.16666666666666666 0.16666666666666666 0.16666666666666666 0.16666666666666666 0.16666666666666666 0.16666666666666666 0.16666666666666666 0.16666666666666666 0.16666666666666666 0.16666666666666666 0.16666666666666666 0.155 0.16595238095238096 0.16642857142857143 0.16666666666666666 0.1661904761904762 0.16952380952380952 0.16785714285714284 0.1707142857142857 0.17142857142857143 0.1676190476190476 0.16857142857142857 0.18523809523809523 0.19238095238095237 0.20047619047619047 0.20095238095238097 0.2019047619047619 0.20285714285714285 0.20714285714285716 0.2092857142857143 0.20976190476190476 0.20666666666666667 0.20976190476190476 0.21023809523809525 0.2088095238095238 0.20976190476190476 0.20976190476190476 0.21095238095238095 0.21404761904761904

Test_auc:
0.49396615646258507 0.506458299319728 0.5160062244897959 0.5273837414965987 0.5388151700680271 0.5496244557823129 0.5585712244897959 0.5674404421768707 0.5764191156462585 0.5850949659863947 0.5926135034013607 0.5844388095238094 0.5792569727891156 0.5741234013605442 0.5762691836734694 0.5789359523809524 0.579986156462585 0.587937380952381 0.5930526870748299 0.5923721088435374 0.5857809523809524 0.580447925170068 0.578035612244898 0.5824984353741497 0.5776689115646257 0.5790439455782314 0.5778327551020408 0.5745534693877551 0.5760311564625851 0.5768022789115647 0.5753787414965986 0.5751606462585034 0.5755797278911565 0.5762975170068027 0.5739957142857143 0.5728635034013606 0.5726534353741496 0.573222380952381 0.5717030612244898 0.571070612244898 0.598650612244898
0.4830438775510204 0.49509812925170077 0.5055401700680272 0.5184673469387754 0.5322754421768707 0.5487292176870748 0.5655064285714286 0.5824987414965986 0.6005647278911564 0.6089318707482992 0.6005963605442176 0.6028128231292517 0.6130703401360544 0.6186158163265306 0.6145512925170068 0.5969072448979591 0.5942755102040818 0.5952277551020408 0.5968748979591837 0.600469149659864 0.600449149659864 0.5982189455782314 0.5798393197278912 0.5775518027210884 0.577185306122449 0.573709693877551 0.5695929931972789 0.5704329591836734 0.5665066326530612 0.5639613945578231 0.5641433333333333 0.5656750340136054 0.5690821088435375 0.5674562925170068 0.5703844217687075 0.5683428911564626 0.5694841496598639 0.5666284013605442 0.5685362925170067 0.5667056802721088 0.6192863265306122
0.4989417346938776 0.5101349319727891 0.5190359523809523 0.5293221768707483 0.5401420068027211 0.5513821428571429 0.5616792176870747 0.5703920748299319 0.5792601360544217 0.5820811564625851 0.5866772108843538 0.59101731292517 0.5898572789115647 0.5802977551020408 0.5742318707482993 0.5755091836734695 0.582462074829932 0.5887902040816327 0.5963528231292515 0.5921534353741497 0.5893260884353743 0.58778768707483 0.5846081972789116 0.5843748639455782 0.5809805102040816 0.5779018027210884 0.5770692517006802 0.5768673129251701 0.5771997959183675 0.5751743197278912 0.5780499659863946 0.5740753401360544 0.5738036394557824 0.5729604421768707 0.5735215306122449 0.5732852040816327 0.5732104421768708 0.5727874149659864 0.5740915646258502 0.5733101360544217 0.5977965306122449

Test_f1:
0.28571428571428564 0.28571428571428564 0.28571428571428564 0.28673132922233635 0.28573372999669444 0.28571428571428564 0.28571428571428564 0.28571428571428564 0.28571428571428564 0.28571428571428564 0.28571428571428564 0.2935478176442032 0.29284182348862337 0.2899943810646717 0.2904367321673693 0.2861301725930547 0.28573375782535465 0.28597814472896516 0.2870462158258217 0.28981291176141905 0.29036256685862977 0.28701737313152137 0.28858239487114595 0.2835218899338162 0.28998605570173563 0.29165988151106764 0.29268851085117975 0.29208798764066074 0.29346792249832027 0.2943159725510485 0.29266028717449505 0.29251091474386925 0.2919956956941985 0.29261426182572625 0.29110309060267675 0.2908419818223122 0.2905399965506974 0.29006484651069425 0.2895228806063759 0.2894575641069507 0.2955254352634265
0.28571428571428564 0.28571428571428564 0.28571428571428564 0.28571428571428564 0.28571428571428564 0.28571428571428564 0.28571428571428564 0.28571428571428564 0.28571428571428564 0.28571428571428564 0.28571428571428564 0.28571428571428564 0.28571428571428564 0.28748415488746976 0.28571428571428564 0.28571428571428564 0.28665576532381937 0.2899322757901914 0.2956283003989269 0.3009996757683638 0.3034610765167276 0.3043867931996743 0.29700051925837684 0.2974327446158432 0.2949679448409338 0.2937786251177875 0.29222766922138593 0.2911108022975727 0.2903655654447629 0.29017280042210786 0.28990967879856766 0.28847357341980995 0.2911787665886026 0.2896141215106732 0.2902573478489709 0.29097667572987873 0.29139289314512123 0.29045654528175113 0.2917510270322411 0.2921884412615695 0.30577720913317386
0.28571428571428564 0.28571428571428564 0.28571428571428564 0.28571428571428564 0.28571428571428564 0.28571428571428564 0.28571428571428564 0.28571428571428564 0.28571428571428564 0.28571428571428564 0.28571428571428564 0.28571428571428564 0.28571428571428564 0.2928004535147392 0.2902871322226161 0.29105708548479625 0.2923652105470287 0.31626270209560886 0.3194799108020296 0.32017051458650875 0.3183908151374382 0.31519484334199827 0.31557933112078357 0.31210790101164426 0.31115427783232713 0.309935542493682 0.30900910279098276 0.3087969525296699 0.30935967664362285 0.3093756881944839 0.30816824127327674 0.30532551184725093 0.305078047816637 0.3090528319690656 0.30337894767424967 0.30338315374811725 0.30409991099243433 0.3037398921832884 0.303030303030303 0.30276308054085826 0.3237230721884296

Class AUC Score:
0.5592138775510205 0.5892628571428571 0.5431844897959184 0.5504100000000001 0.5932324489795918 0.6307097959183674
0.5949726530612245 0.4930879591836735 0.5841957142857144 0.5525022448979592 0.5877863265306122 0.6505669387755102
0.5634012244897959 0.4563757142857142 0.6178261224489796 0.5102910204081632 0.6029557142857143 0.7350332653061225

Class F1 Score:
0.2857142857142857 0.2857142857142857 0.2857142857142857 0.2857142857142857 0.2920580700256191 0.30500112132765195
0.2857142857142857 0.2857142857142857 0.2857142857142857 0.2857142857142857 0.2857142857142857 0.34123624047417445
0.2857142857142857 0.2857142857142857 0.3082386363636364 0.2857142857142857 0.2857142857142857 0.4158298877731837

Os_mode: reweight, train_mode: 

Test_acc:
0.16666666666666666 0.16666666666666666 0.16666666666666666 0.16666666666666666 0.16666666666666666 0.16666666666666666 0.16666666666666666 0.1707142857142857 0.17666666666666667 0.1769047619047619 0.18142857142857144 0.18357142857142858 0.18571428571428572 0.1980952380952381 0.21095238095238095 0.21428571428571427 0.20523809523809525 0.20142857142857143 0.20166666666666666 0.19833333333333333 0.19166666666666668 0.19071428571428573 0.18880952380952382 0.1880952380952381 0.18619047619047618 0.18428571428571427 0.18428571428571427 0.18357142857142858 0.18428571428571427 0.19428571428571428 0.2011904761904762 0.20357142857142857 0.20357142857142857 0.20547619047619048 0.21023809523809525 0.21452380952380953 0.21785714285714286 0.2180952380952381 0.21642857142857144 0.2119047619047619 0.22047619047619046
0.16666666666666666 0.16666666666666666 0.16666666666666666 0.16666666666666666 0.16738095238095238 0.20238095238095238 0.20833333333333334 0.20785714285714285 0.20904761904761904 0.2169047619047619 0.22380952380952382 0.2276190476190476 0.23809523809523808 0.24142857142857144 0.24333333333333335 0.2488095238095238 0.25547619047619047 0.25047619047619046 0.24285714285714285 0.23904761904761904 0.2357142857142857 0.22904761904761906 0.21595238095238095 0.2119047619047619 0.2130952380952381 0.1988095238095238 0.18904761904761905 0.1854761904761905 0.20833333333333334 0.19666666666666666 0.20261904761904762 0.19476190476190477 0.18642857142857142 0.20547619047619048 0.2 0.19166666666666668 0.18666666666666668 0.1976190476190476 0.19071428571428573 0.18142857142857144 0.2561904761904762
0.16666666666666666 0.16666666666666666 0.16666666666666666 0.16666666666666666 0.16666666666666666 0.16666666666666666 0.1711904761904762 0.22333333333333333 0.16738095238095238 0.16666666666666666 0.16666666666666666 0.16714285714285715 0.18285714285714286 0.2154761904761905 0.21904761904761905 0.22214285714285714 0.22833333333333333 0.2319047619047619 0.2307142857142857 0.23285714285714285 0.2280952380952381 0.22476190476190477 0.22476190476190477 0.22547619047619047 0.22452380952380951 0.22452380952380951 0.22166666666666668 0.2219047619047619 0.22285714285714286 0.22214285714285714 0.2226190476190476 0.22238095238095237 0.22 0.22 0.21833333333333332 0.22166666666666668 0.22166666666666668 0.22095238095238096 0.21761904761904763 0.22428571428571428 0.23476190476190475

Test_auc:
0.4732055102040817 0.48784646258503406 0.4987629591836735 0.5146578911564627 0.5346798979591836 0.5486044897959185 0.5605104761904761 0.5707297278911564 0.5796306802721088 0.5827396598639456 0.5803406802721089 0.5793743197278912 0.5791527891156463 0.578239149659864 0.5793372108843537 0.5804192517006803 0.5857237414965986 0.5879745578231294 0.5889525510204082 0.5926867006802721 0.5956232653061225 0.5951028911564626 0.5926348979591837 0.5904340816326531 0.5882691156462584 0.585598843537415 0.5833403401360544 0.5786575170068027 0.5770002040816327 0.5753709523809524 0.5725686734693878 0.5674803401360544 0.5630194557823128 0.5590462925170069 0.5575032653061225 0.55634231292517 0.5551733333333332 0.5493696938775511 0.5469611904761905 0.5454131972789115 0.5965287074829931
0.5035004421768708 0.5201872448979591 0.5322554761904762 0.5424219047619049 0.5514189115646259 0.5608726190476191 0.5705073469387756 0.5821082993197279 0.5945242517006802 0.6098187755102041 0.6239762585034013 0.6325917346938775 0.6355707142857143 0.6323277551020409 0.6265610544217687 0.6250551360544218 0.6226045918367348 0.6192622789115646 0.6109680612244898 0.6014397619047619 0.5949567346938776 0.5909253741496598 0.5760076530612245 0.5689498299319727 0.5716014965986395 0.558514931972789 0.5474596258503401 0.5446590136054422 0.576328231292517 0.583569761904762 0.5724922108843539 0.5603281972789117 0.551778537414966 0.5822923469387755 0.5655282312925171 0.558248231292517 0.5664014965986395 0.5693447619047619 0.5581018027210884 0.5464592517006802 0.6356031632653061
0.4949225510204081 0.508910612244898 0.5163518027210884 0.5284868027210884 0.5439601360544217 0.5620305442176871 0.5762317346938776 0.5913895918367347 0.6022618707482993 0.6067802721088436 0.6076824149659865 0.6078517006802722 0.6083766326530612 0.6128594557823129 0.6199802380952382 0.6278436054421768 0.6353618027210884 0.6363330272108844 0.6347932993197279 0.6223309523809524 0.62684231292517 0.6267295918367347 0.6305217346938776 0.6292809863945579 0.6297954761904763 0.6250897619047618 0.6270997959183674 0.6266949319727891 0.6272880952380953 0.626097380952381 0.6230015306122448 0.6221487755102041 0.6213056802721088 0.6206690476190475 0.6188745238095238 0.6233349999999999 0.6254603741496598 0.6216217006802721 0.616432074829932 0.6128302721088436 0.6365693197278911

Test_f1:
0.28571428571428564 0.28571428571428564 0.28571428571428564 0.28571428571428564 0.28571428571428564 0.28571428571428564 0.28571428571428564 0.28571428571428564 0.28571428571428564 0.28571428571428564 0.28571428571428564 0.28571428571428564 0.28571428571428564 0.28571428571428564 0.2918887704335465 0.2946453943896399 0.28699650705221735 0.30610233448790514 0.30508950508950505 0.30456735223272186 0.30553358736549474 0.3036767601953951 0.30417429901938814 0.3046953108797866 0.30459488191591366 0.30396482887928844 0.3054054599416001 0.30607301541681614 0.3067956234827534 0.30562009049168565 0.3042542797633347 0.30176953100870063 0.30109142493901486 0.29874175209296583 0.2985598699564939 0.2975875555941898 0.2973735176786156 0.29645257442485745 0.29574863261555545 0.2949424550892868 0.30781800560866807
0.28571428571428564 0.28571428571428564 0.28571428571428564 0.28571428571428564 0.28571428571428564 0.28571428571428564 0.28571428571428564 0.28571428571428564 0.28571428571428564 0.28571428571428564 0.28571428571428564 0.3032488279779731 0.30438423541591747 0.3211886975479568 0.3249882755351437 0.3279571680761497 0.32787570764723245 0.32393316171783343 0.3107612631192997 0.3111981713127141 0.3096512695013765 0.31091365091591494 0.2933170561960993 0.2905036091185445 0.2927382362993581 0.2926071627633903 0.2926137569650847 0.2925827021977437 0.29587838983216325 0.3161947346741135 0.3008368314167181 0.2951488496111624 0.29436501305079976 0.30837461176855896 0.29652990952108976 0.2948846523887066 0.306389626774282 0.30386266861483097 0.2966407711616203 0.29531189894574456 0.33045485636121347
0.28571428571428564 0.28571428571428564 0.28571428571428564 0.28571428571428564 0.28571428571428564 0.28571428571428564 0.28571428571428564 0.2861265718408575 0.28571428571428564 0.28571428571428564 0.28571428571428564 0.28571428571428564 0.28571428571428564 0.2866962240009521 0.29050997831039027 0.29595957615804097 0.302432187918122 0.30873617357202005 0.30774758228104676 0.30411786039462646 0.30110574265341633 0.29867789271443523 0.2999260318057507 0.3148628140305038 0.32282811057930455 0.32331772274862813 0.3275961786305322 0.3280308508949628 0.32722107366225844 0.3258303301654682 0.32566904409033975 0.3248862125111425 0.32495649922165254 0.32456108391882643 0.31605879512601615 0.3160281270896413 0.31734529910239484 0.31587285191752973 0.3137967807683796 0.31212807757602706 0.32898750184023673

Class AUC Score:
0.6542561224489796 0.5099981632653061 0.5662036734693878 0.5470255102040816 0.5513904081632652 0.7007408163265306
0.6084565306122448 0.5065577551020408 0.5610291836734693 0.5387751020408164 0.5346808163265306 0.6801095918367347
0.6320179591836734 0.6148138775510203 0.6075581632653061 0.5680442857142858 0.6068322448979593 0.7495063265306122

Class F1 Score:
0.2857142857142857 0.2857142857142857 0.2857142857142857 0.2857142857142857 0.291836297407328 0.392875851231011
0.2857142857142857 0.2857142857142857 0.2862400327131466 0.2857142857142857 0.2857142857142857 0.3273322422258592
0.3283582089552239 0.3311874105865522 0.2857142857142857 0.2857142857142857 0.2857142857142857 0.4202801867911941

Os_mode: embed_sm, train_mode: 
